0.002500 0.000000 
0.007500 0.000000 
0.012500 0.000000 
0.017500 0.000000 
0.022500 0.000000 
0.027500 0.000000 
0.032500 0.000000 
0.037500 0.000000 
0.042500 0.000000 
0.047500 0.000000 
0.052500 0.000000 
0.057500 0.000000 
0.062500 0.000000 
0.067500 0.000000 
0.072500 0.000000 
0.077500 0.000000 
0.082500 0.000000 
0.087500 0.000000 
0.092500 0.000000 
0.097500 0.000000 
0.102500 0.000000 
0.107500 0.000000 
0.112500 0.000000 
0.117500 0.000000 
0.122500 0.000000 
0.127500 0.000000 
0.132500 0.000000 
0.137500 0.000000 
0.142500 0.000000 
0.147500 0.000000 
0.152500 0.000000 
0.157500 0.000000 
0.162500 0.000000 
0.167500 0.000000 
0.172500 0.000000 
0.177500 0.000000 
0.182500 0.000000 
0.187500 0.000000 
0.192500 0.000000 
0.197500 0.000000 
0.202500 0.000000 
0.207500 0.000000 
0.212500 0.000000 
0.217500 0.000000 
0.222500 0.000000 
0.227500 0.000000 
0.232500 0.000000 
0.237500 0.000000 
0.242500 0.000000 
0.247500 0.000000 
0.252500 0.000000 
0.257500 0.000000 
0.262500 0.000000 
0.267500 0.000000 
0.272500 0.000000 
0.277500 0.000000 
0.282500 0.000000 
0.287500 0.000000 
0.292500 0.000000 
0.297500 0.000000 
0.302500 0.000000 
0.307500 0.000000 
0.312500 0.000000 
0.317500 0.000000 
0.322500 0.000000 
0.327500 0.000000 
0.332500 0.000000 
0.337500 0.000000 
0.342500 0.000000 
0.347500 0.000000 
0.352500 0.000000 
0.357500 0.000000 
0.362500 0.000000 
0.367500 0.000000 
0.372500 0.000001 
0.377500 0.000001 
0.382500 0.000001 
0.387500 0.000001 
0.392500 0.000002 
0.397500 0.000003 
0.402500 0.000004 
0.407500 0.000006 
0.412500 0.000008 
0.417500 0.000011 
0.422500 0.000015 
0.427500 0.000020 
0.432500 0.000027 
0.437500 0.000036 
0.442500 0.000048 
0.447500 0.000065 
0.452500 0.000086 
0.457500 0.000113 
0.462500 0.000149 
0.467500 0.000195 
0.472500 0.000254 
0.477500 0.000329 
0.482500 0.000424 
0.487500 0.000545 
0.492500 0.000696 
0.497500 0.000886 
0.502500 0.001121 
0.507500 0.001413 
0.512500 0.001772 
0.517500 0.002212 
0.522500 0.002749 
0.527500 0.003400 
0.532500 0.004185 
0.537500 0.005129 
0.542500 0.006256 
0.547500 0.007596 
0.552500 0.009181 
0.557500 0.011046 
0.562500 0.013230 
0.567500 0.015773 
0.572500 0.018721 
0.577500 0.022120 
0.582500 0.026018 
0.587500 0.030467 
0.592500 0.035517 
0.597500 0.041220 
0.602500 0.047628 
0.607500 0.054788 
0.612500 0.062749 
0.617500 0.071550 
0.622500 0.081230 
0.627500 0.091818 
0.632500 0.103336 
0.637500 0.115795 
0.642500 0.129197 
0.647500 0.143531 
0.652500 0.158773 
0.657500 0.174883 
0.662500 0.191809 
0.667500 0.209480 
0.672500 0.227812 
0.677500 0.246704 
0.682500 0.266041 
0.687500 0.285690 
0.692500 0.305510 
0.697500 0.325343 
0.702500 0.345025 
0.707500 0.364381 
0.712500 0.383232 
0.717500 0.401396 
0.722500 0.418692 
0.727500 0.434940 
0.732500 0.449968 
0.737500 0.463612 
0.742500 0.475721 
0.747500 0.486157 
0.752500 0.494801 
0.757500 0.501553 
0.762500 0.506334 
0.767500 0.509090 
0.772500 0.509789 
0.777500 0.508424 
0.782500 0.505013 
0.787500 0.499600 
0.792500 0.492248 
0.797500 0.483048 
0.802500 0.472106 
0.807500 0.459551 
0.812500 0.445524 
0.817500 0.430183 
0.822500 0.413693 
0.827500 0.396229 
0.832500 0.377968 
0.837500 0.359092 
0.842500 0.339778 
0.847500 0.320202 
0.852500 0.300531 
0.857500 0.280924 
0.862500 0.261532 
0.867500 0.242488 
0.872500 0.223917 
0.877500 0.205926 
0.882500 0.188609 
0.887500 0.172044 
0.892500 0.156292 
0.897500 0.141402 
0.902500 0.127406 
0.907500 0.114325 
0.912500 0.102166 
0.917500 0.090925 
0.922500 0.080588 
0.927500 0.071131 
0.932500 0.062526 
0.937500 0.054734 
0.942500 0.047716 
0.947500 0.041425 
0.952500 0.035815 
0.957500 0.030836 
0.962500 0.026439 
0.967500 0.022575 
0.972500 0.019195 
0.977500 0.016255 
0.982500 0.013711 
0.987500 0.011533 
0.992500 0.009728 
0.997500 0.008449 
