0.002500 0.000000 
0.007500 0.000000 
0.012500 0.000000 
0.017500 0.000000 
0.022500 0.000000 
0.027500 0.000000 
0.032500 0.000000 
0.037500 0.000000 
0.042500 0.000000 
0.047500 0.000000 
0.052500 0.000000 
0.057500 0.000000 
0.062500 0.000000 
0.067500 0.000000 
0.072500 0.000000 
0.077500 0.000000 
0.082500 0.000000 
0.087500 0.000000 
0.092500 0.000000 
0.097500 0.000000 
0.102500 0.000000 
0.107500 0.000000 
0.112500 0.000000 
0.117500 0.000000 
0.122500 0.000000 
0.127500 0.000000 
0.132500 0.000000 
0.137500 0.000000 
0.142500 0.000000 
0.147500 0.000000 
0.152500 0.000000 
0.157500 0.000000 
0.162500 0.000000 
0.167500 0.000000 
0.172500 0.000000 
0.177500 0.000000 
0.182500 0.000000 
0.187500 0.000000 
0.192500 0.000000 
0.197500 0.000000 
0.202500 0.000000 
0.207500 0.000000 
0.212500 0.000000 
0.217500 0.000000 
0.222500 0.000000 
0.227500 0.000000 
0.232500 0.000000 
0.237500 0.000000 
0.242500 0.000000 
0.247500 0.000000 
0.252500 0.000000 
0.257500 0.000000 
0.262500 0.000000 
0.267500 0.000000 
0.272500 0.000000 
0.277500 0.000000 
0.282500 0.000000 
0.287500 0.000000 
0.292500 0.000000 
0.297500 0.000000 
0.302500 0.000000 
0.307500 0.000000 
0.312500 0.000000 
0.317500 0.000000 
0.322500 0.000000 
0.327500 0.000000 
0.332500 0.000000 
0.337500 0.000000 
0.342500 0.000000 
0.347500 0.000000 
0.352500 0.000000 
0.357500 0.000000 
0.362500 0.000000 
0.367500 0.000000 
0.372500 0.000000 
0.377500 0.000000 
0.382500 0.000000 
0.387500 0.000000 
0.392500 0.000001 
0.397500 0.000001 
0.402500 0.000001 
0.407500 0.000002 
0.412500 0.000003 
0.417500 0.000004 
0.422500 0.000005 
0.427500 0.000007 
0.432500 0.000010 
0.437500 0.000013 
0.442500 0.000018 
0.447500 0.000024 
0.452500 0.000032 
0.457500 0.000043 
0.462500 0.000057 
0.467500 0.000075 
0.472500 0.000099 
0.477500 0.000130 
0.482500 0.000169 
0.487500 0.000220 
0.492500 0.000284 
0.497500 0.000366 
0.502500 0.000470 
0.507500 0.000599 
0.512500 0.000761 
0.517500 0.000962 
0.522500 0.001211 
0.527500 0.001518 
0.532500 0.001893 
0.537500 0.002351 
0.542500 0.002906 
0.547500 0.003577 
0.552500 0.004382 
0.557500 0.005345 
0.562500 0.006491 
0.567500 0.007847 
0.572500 0.009445 
0.577500 0.011319 
0.582500 0.013504 
0.587500 0.016041 
0.592500 0.018972 
0.597500 0.022340 
0.602500 0.026193 
0.607500 0.030577 
0.612500 0.035542 
0.617500 0.041135 
0.622500 0.047405 
0.627500 0.054397 
0.632500 0.062154 
0.637500 0.070717 
0.642500 0.080120 
0.647500 0.090390 
0.652500 0.101548 
0.657500 0.113606 
0.662500 0.126565 
0.667500 0.140415 
0.672500 0.155135 
0.677500 0.170690 
0.682500 0.187029 
0.687500 0.204090 
0.692500 0.221795 
0.697500 0.240050 
0.702500 0.258749 
0.707500 0.277771 
0.712500 0.296982 
0.717500 0.316239 
0.722500 0.335387 
0.727500 0.354264 
0.732500 0.372701 
0.737500 0.390529 
0.742500 0.407574 
0.747500 0.423668 
0.752500 0.438645 
0.757500 0.452348 
0.762500 0.464631 
0.767500 0.475358 
0.772500 0.484411 
0.777500 0.491689 
0.782500 0.497109 
0.787500 0.500610 
0.792500 0.502154 
0.797500 0.501724 
0.802500 0.499326 
0.807500 0.494990 
0.812500 0.488768 
0.817500 0.480732 
0.822500 0.470976 
0.827500 0.459610 
0.832500 0.446762 
0.837500 0.432571 
0.842500 0.417190 
0.847500 0.400780 
0.852500 0.383505 
0.857500 0.365536 
0.862500 0.347042 
0.867500 0.328190 
0.872500 0.309143 
0.877500 0.290057 
0.882500 0.271078 
0.887500 0.252344 
0.892500 0.233978 
0.897500 0.216094 
0.902500 0.198788 
0.907500 0.182146 
0.912500 0.166236 
0.917500 0.151115 
0.922500 0.136826 
0.927500 0.123395 
0.932500 0.110841 
0.937500 0.099168 
0.942500 0.088371 
0.947500 0.078436 
0.952500 0.069340 
0.957500 0.061053 
0.962500 0.053543 
0.967500 0.046768 
0.972500 0.040687 
0.977500 0.035257 
0.982500 0.030438 
0.987500 0.026208 
0.992500 0.022621 
0.997500 0.020036 
