0.002500 0.000000 
0.007500 0.000000 
0.012500 0.000000 
0.017500 0.000000 
0.022500 0.000000 
0.027500 0.000000 
0.032500 0.000000 
0.037500 0.000000 
0.042500 0.000000 
0.047500 0.000000 
0.052500 0.000000 
0.057500 0.000000 
0.062500 0.000000 
0.067500 0.000000 
0.072500 0.000000 
0.077500 0.000000 
0.082500 0.000000 
0.087500 0.000000 
0.092500 0.000000 
0.097500 0.000000 
0.102500 0.000000 
0.107500 0.000000 
0.112500 0.000000 
0.117500 0.000000 
0.122500 0.000000 
0.127500 0.000000 
0.132500 0.000000 
0.137500 0.000000 
0.142500 0.000000 
0.147500 0.000000 
0.152500 0.000000 
0.157500 0.000000 
0.162500 0.000000 
0.167500 0.000000 
0.172500 0.000000 
0.177500 0.000000 
0.182500 0.000000 
0.187500 0.000000 
0.192500 0.000000 
0.197500 0.000000 
0.202500 0.000000 
0.207500 0.000000 
0.212500 0.000000 
0.217500 0.000000 
0.222500 0.000000 
0.227500 0.000000 
0.232500 0.000000 
0.237500 0.000000 
0.242500 0.000000 
0.247500 0.000000 
0.252500 0.000000 
0.257500 0.000000 
0.262500 0.000000 
0.267500 0.000000 
0.272500 0.000000 
0.277500 0.000000 
0.282500 0.000001 
0.287500 0.000001 
0.292500 0.000001 
0.297500 0.000002 
0.302500 0.000003 
0.307500 0.000005 
0.312500 0.000007 
0.317500 0.000009 
0.322500 0.000014 
0.327500 0.000019 
0.332500 0.000027 
0.337500 0.000038 
0.342500 0.000053 
0.347500 0.000073 
0.352500 0.000100 
0.357500 0.000136 
0.362500 0.000185 
0.367500 0.000250 
0.372500 0.000335 
0.377500 0.000447 
0.382500 0.000592 
0.387500 0.000779 
0.392500 0.001020 
0.397500 0.001328 
0.402500 0.001718 
0.407500 0.002209 
0.412500 0.002823 
0.417500 0.003587 
0.422500 0.004532 
0.427500 0.005691 
0.432500 0.007106 
0.437500 0.008820 
0.442500 0.010885 
0.447500 0.013356 
0.452500 0.016294 
0.457500 0.019764 
0.462500 0.023837 
0.467500 0.028586 
0.472500 0.034088 
0.477500 0.040421 
0.482500 0.047662 
0.487500 0.055888 
0.492500 0.065171 
0.497500 0.075578 
0.502500 0.087166 
0.507500 0.099982 
0.512500 0.114060 
0.517500 0.129417 
0.522500 0.146053 
0.527500 0.163947 
0.532500 0.183054 
0.537500 0.203305 
0.542500 0.224608 
0.547500 0.246843 
0.552500 0.269864 
0.557500 0.293500 
0.562500 0.317558 
0.567500 0.341820 
0.572500 0.366052 
0.577500 0.390003 
0.582500 0.413412 
0.587500 0.436009 
0.592500 0.457524 
0.597500 0.477691 
0.602500 0.496249 
0.607500 0.512957 
0.612500 0.527588 
0.617500 0.539944 
0.622500 0.549851 
0.627500 0.557173 
0.632500 0.561807 
0.637500 0.563688 
0.642500 0.562791 
0.647500 0.559132 
0.652500 0.552766 
0.657500 0.543787 
0.662500 0.532325 
0.667500 0.518543 
0.672500 0.502634 
0.677500 0.484814 
0.682500 0.465323 
0.687500 0.444413 
0.692500 0.422346 
0.697500 0.399390 
0.702500 0.375810 
0.707500 0.351867 
0.712500 0.327810 
0.717500 0.303877 
0.722500 0.280283 
0.727500 0.257228 
0.732500 0.234884 
0.737500 0.213403 
0.742500 0.192909 
0.747500 0.173502 
0.752500 0.155257 
0.757500 0.138225 
0.762500 0.122435 
0.767500 0.107896 
0.772500 0.094597 
0.777500 0.082513 
0.782500 0.071603 
0.787500 0.061815 
0.792500 0.053090 
0.797500 0.045361 
0.802500 0.038557 
0.807500 0.032603 
0.812500 0.027426 
0.817500 0.022950 
0.822500 0.019105 
0.827500 0.015821 
0.832500 0.013033 
0.837500 0.010680 
0.842500 0.008706 
0.847500 0.007060 
0.852500 0.005695 
0.857500 0.004569 
0.862500 0.003647 
0.867500 0.002896 
0.872500 0.002287 
0.877500 0.001797 
0.882500 0.001404 
0.887500 0.001091 
0.892500 0.000844 
0.897500 0.000649 
0.902500 0.000497 
0.907500 0.000378 
0.912500 0.000286 
0.917500 0.000215 
0.922500 0.000161 
0.927500 0.000120 
0.932500 0.000089 
0.937500 0.000066 
0.942500 0.000048 
0.947500 0.000035 
0.952500 0.000026 
0.957500 0.000018 
0.962500 0.000013 
0.967500 0.000009 
0.972500 0.000007 
0.977500 0.000005 
0.982500 0.000003 
0.987500 0.000002 
0.992500 0.000002 
0.997500 0.000001 
