0.002500 0.000000 
0.007500 0.000000 
0.012500 0.000000 
0.017500 0.000000 
0.022500 0.000000 
0.027500 0.000000 
0.032500 0.000000 
0.037500 0.000000 
0.042500 0.000000 
0.047500 0.000000 
0.052500 0.000000 
0.057500 0.000000 
0.062500 0.000000 
0.067500 0.000000 
0.072500 0.000000 
0.077500 0.000000 
0.082500 0.000000 
0.087500 0.000000 
0.092500 0.000000 
0.097500 0.000000 
0.102500 0.000000 
0.107500 0.000000 
0.112500 0.000000 
0.117500 0.000000 
0.122500 0.000000 
0.127500 0.000000 
0.132500 0.000000 
0.137500 0.000000 
0.142500 0.000000 
0.147500 0.000000 
0.152500 0.000000 
0.157500 0.000000 
0.162500 0.000000 
0.167500 0.000000 
0.172500 0.000000 
0.177500 0.000000 
0.182500 0.000000 
0.187500 0.000000 
0.192500 0.000000 
0.197500 0.000000 
0.202500 0.000000 
0.207500 0.000000 
0.212500 0.000000 
0.217500 0.000000 
0.222500 0.000000 
0.227500 0.000000 
0.232500 0.000000 
0.237500 0.000000 
0.242500 0.000000 
0.247500 0.000000 
0.252500 0.000000 
0.257500 0.000000 
0.262500 0.000000 
0.267500 0.000000 
0.272500 0.000000 
0.277500 0.000000 
0.282500 0.000000 
0.287500 0.000000 
0.292500 0.000000 
0.297500 0.000000 
0.302500 0.000000 
0.307500 0.000000 
0.312500 0.000000 
0.317500 0.000000 
0.322500 0.000000 
0.327500 0.000000 
0.332500 0.000000 
0.337500 0.000000 
0.342500 0.000000 
0.347500 0.000000 
0.352500 0.000000 
0.357500 0.000000 
0.362500 0.000000 
0.367500 0.000000 
0.372500 0.000000 
0.377500 0.000000 
0.382500 0.000000 
0.387500 0.000000 
0.392500 0.000000 
0.397500 0.000000 
0.402500 0.000000 
0.407500 0.000000 
0.412500 0.000000 
0.417500 0.000000 
0.422500 0.000001 
0.427500 0.000001 
0.432500 0.000001 
0.437500 0.000002 
0.442500 0.000002 
0.447500 0.000003 
0.452500 0.000004 
0.457500 0.000006 
0.462500 0.000008 
0.467500 0.000010 
0.472500 0.000014 
0.477500 0.000019 
0.482500 0.000025 
0.487500 0.000033 
0.492500 0.000043 
0.497500 0.000057 
0.502500 0.000075 
0.507500 0.000098 
0.512500 0.000127 
0.517500 0.000165 
0.522500 0.000213 
0.527500 0.000273 
0.532500 0.000349 
0.537500 0.000444 
0.542500 0.000562 
0.547500 0.000709 
0.552500 0.000891 
0.557500 0.001114 
0.562500 0.001388 
0.567500 0.001722 
0.572500 0.002127 
0.577500 0.002616 
0.582500 0.003204 
0.587500 0.003908 
0.592500 0.004746 
0.597500 0.005741 
0.602500 0.006915 
0.607500 0.008295 
0.612500 0.009909 
0.617500 0.011789 
0.622500 0.013967 
0.627500 0.016481 
0.632500 0.019367 
0.637500 0.022666 
0.642500 0.026420 
0.647500 0.030670 
0.652500 0.035460 
0.657500 0.040834 
0.662500 0.046832 
0.667500 0.053497 
0.672500 0.060866 
0.677500 0.068975 
0.682500 0.077854 
0.687500 0.087527 
0.692500 0.098014 
0.697500 0.109325 
0.702500 0.121462 
0.707500 0.134419 
0.712500 0.148176 
0.717500 0.162706 
0.722500 0.177967 
0.727500 0.193905 
0.732500 0.210454 
0.737500 0.227535 
0.742500 0.245057 
0.747500 0.262916 
0.752500 0.280998 
0.757500 0.299178 
0.762500 0.317321 
0.767500 0.335285 
0.772500 0.352924 
0.777500 0.370086 
0.782500 0.386617 
0.787500 0.402364 
0.792500 0.417178 
0.797500 0.430914 
0.802500 0.443433 
0.807500 0.454608 
0.812500 0.464323 
0.817500 0.472475 
0.822500 0.478979 
0.827500 0.483764 
0.832500 0.486780 
0.837500 0.487994 
0.842500 0.487396 
0.847500 0.484991 
0.852500 0.480810 
0.857500 0.474898 
0.862500 0.467322 
0.867500 0.458163 
0.872500 0.447522 
0.877500 0.435509 
0.882500 0.422251 
0.887500 0.407881 
0.892500 0.392542 
0.897500 0.376381 
0.902500 0.359550 
0.907500 0.342198 
0.912500 0.324478 
0.917500 0.306534 
0.922500 0.288509 
0.927500 0.270536 
0.932500 0.252741 
0.937500 0.235239 
0.942500 0.218135 
0.947500 0.201521 
0.952500 0.185480 
0.957500 0.170080 
0.962500 0.155377 
0.967500 0.141415 
0.972500 0.128229 
0.977500 0.115846 
0.982500 0.104297 
0.987500 0.093665 
0.992500 0.084257 
0.997500 0.077261 
