0.002500 0.000000 
0.007500 0.000000 
0.012500 0.000000 
0.017500 0.000000 
0.022500 0.000000 
0.027500 0.000000 
0.032500 0.000000 
0.037500 0.000000 
0.042500 0.000000 
0.047500 0.000000 
0.052500 0.000000 
0.057500 0.000000 
0.062500 0.000000 
0.067500 0.000000 
0.072500 0.000000 
0.077500 0.000000 
0.082500 0.000000 
0.087500 0.000000 
0.092500 0.000000 
0.097500 0.000000 
0.102500 0.000000 
0.107500 0.000000 
0.112500 0.000000 
0.117500 0.000000 
0.122500 0.000000 
0.127500 0.000000 
0.132500 0.000000 
0.137500 0.000000 
0.142500 0.000000 
0.147500 0.000000 
0.152500 0.000000 
0.157500 0.000000 
0.162500 0.000000 
0.167500 0.000000 
0.172500 0.000000 
0.177500 0.000000 
0.182500 0.000000 
0.187500 0.000000 
0.192500 0.000000 
0.197500 0.000000 
0.202500 0.000000 
0.207500 0.000000 
0.212500 0.000000 
0.217500 0.000000 
0.222500 0.000000 
0.227500 0.000000 
0.232500 0.000000 
0.237500 0.000000 
0.242500 0.000000 
0.247500 0.000000 
0.252500 0.000000 
0.257500 0.000000 
0.262500 0.000000 
0.267500 0.000000 
0.272500 0.000000 
0.277500 0.000000 
0.282500 0.000000 
0.287500 0.000000 
0.292500 0.000000 
0.297500 0.000000 
0.302500 0.000000 
0.307500 0.000000 
0.312500 0.000000 
0.317500 0.000000 
0.322500 0.000000 
0.327500 0.000000 
0.332500 0.000000 
0.337500 0.000000 
0.342500 0.000000 
0.347500 0.000000 
0.352500 0.000000 
0.357500 0.000001 
0.362500 0.000001 
0.367500 0.000001 
0.372500 0.000002 
0.377500 0.000002 
0.382500 0.000003 
0.387500 0.000004 
0.392500 0.000006 
0.397500 0.000009 
0.402500 0.000012 
0.407500 0.000016 
0.412500 0.000022 
0.417500 0.000030 
0.422500 0.000041 
0.427500 0.000055 
0.432500 0.000073 
0.437500 0.000098 
0.442500 0.000130 
0.447500 0.000171 
0.452500 0.000224 
0.457500 0.000293 
0.462500 0.000380 
0.467500 0.000491 
0.472500 0.000632 
0.477500 0.000809 
0.482500 0.001031 
0.487500 0.001307 
0.492500 0.001649 
0.497500 0.002070 
0.502500 0.002586 
0.507500 0.003216 
0.512500 0.003979 
0.517500 0.004900 
0.522500 0.006006 
0.527500 0.007326 
0.532500 0.008895 
0.537500 0.010747 
0.542500 0.012925 
0.547500 0.015471 
0.552500 0.018431 
0.557500 0.021856 
0.562500 0.025796 
0.567500 0.030307 
0.572500 0.035441 
0.577500 0.041254 
0.582500 0.047801 
0.587500 0.055134 
0.592500 0.063302 
0.597500 0.072351 
0.602500 0.082319 
0.607500 0.093238 
0.612500 0.105133 
0.617500 0.118014 
0.622500 0.131883 
0.627500 0.146728 
0.632500 0.162521 
0.637500 0.179220 
0.642500 0.196766 
0.647500 0.215084 
0.652500 0.234081 
0.657500 0.253648 
0.662500 0.273658 
0.667500 0.293970 
0.672500 0.314429 
0.677500 0.334866 
0.682500 0.355104 
0.687500 0.374955 
0.692500 0.394230 
0.697500 0.412733 
0.702500 0.430272 
0.707500 0.446659 
0.712500 0.461713 
0.717500 0.475263 
0.722500 0.487154 
0.727500 0.497246 
0.732500 0.505420 
0.737500 0.511579 
0.742500 0.515648 
0.747500 0.517580 
0.752500 0.517353 
0.757500 0.514970 
0.762500 0.510463 
0.767500 0.503890 
0.772500 0.495332 
0.777500 0.484894 
0.782500 0.472701 
0.787500 0.458897 
0.792500 0.443644 
0.797500 0.427112 
0.802500 0.409484 
0.807500 0.390948 
0.812500 0.371696 
0.817500 0.351917 
0.822500 0.331800 
0.827500 0.311525 
0.832500 0.291266 
0.837500 0.271184 
0.842500 0.251429 
0.847500 0.232134 
0.852500 0.213419 
0.857500 0.195387 
0.862500 0.178126 
0.867500 0.161704 
0.872500 0.146176 
0.877500 0.131581 
0.882500 0.117941 
0.887500 0.105267 
0.892500 0.093556 
0.897500 0.082794 
0.902500 0.072958 
0.907500 0.064017 
0.912500 0.055931 
0.917500 0.048658 
0.922500 0.042150 
0.927500 0.036355 
0.932500 0.031223 
0.937500 0.026700 
0.942500 0.022734 
0.947500 0.019274 
0.952500 0.016270 
0.957500 0.013675 
0.962500 0.011445 
0.967500 0.009536 
0.972500 0.007912 
0.977500 0.006536 
0.982500 0.005378 
0.987500 0.004412 
0.992500 0.003630 
0.997500 0.003086 
