0.002500 0.000000 
0.007500 0.000000 
0.012500 0.000000 
0.017500 0.000000 
0.022500 0.000000 
0.027500 0.000000 
0.032500 0.000000 
0.037500 0.000000 
0.042500 0.000000 
0.047500 0.000000 
0.052500 0.000000 
0.057500 0.000000 
0.062500 0.000000 
0.067500 0.000000 
0.072500 0.000000 
0.077500 0.000000 
0.082500 0.000000 
0.087500 0.000000 
0.092500 0.000000 
0.097500 0.000000 
0.102500 0.000000 
0.107500 0.000000 
0.112500 0.000000 
0.117500 0.000000 
0.122500 0.000000 
0.127500 0.000000 
0.132500 0.000000 
0.137500 0.000000 
0.142500 0.000000 
0.147500 0.000000 
0.152500 0.000000 
0.157500 0.000000 
0.162500 0.000000 
0.167500 0.000000 
0.172500 0.000000 
0.177500 0.000000 
0.182500 0.000000 
0.187500 0.000000 
0.192500 0.000000 
0.197500 0.000000 
0.202500 0.000000 
0.207500 0.000000 
0.212500 0.000000 
0.217500 0.000000 
0.222500 0.000000 
0.227500 0.000000 
0.232500 0.000000 
0.237500 0.000001 
0.242500 0.000001 
0.247500 0.000002 
0.252500 0.000002 
0.257500 0.000003 
0.262500 0.000005 
0.267500 0.000008 
0.272500 0.000011 
0.277500 0.000016 
0.282500 0.000024 
0.287500 0.000034 
0.292500 0.000049 
0.297500 0.000070 
0.302500 0.000098 
0.307500 0.000138 
0.312500 0.000191 
0.317500 0.000264 
0.322500 0.000362 
0.327500 0.000492 
0.332500 0.000665 
0.337500 0.000892 
0.342500 0.001189 
0.347500 0.001573 
0.352500 0.002066 
0.357500 0.002696 
0.362500 0.003494 
0.367500 0.004497 
0.372500 0.005749 
0.377500 0.007300 
0.382500 0.009206 
0.387500 0.011533 
0.392500 0.014352 
0.397500 0.017742 
0.402500 0.021788 
0.407500 0.026580 
0.412500 0.032216 
0.417500 0.038792 
0.422500 0.046410 
0.427500 0.055168 
0.432500 0.065160 
0.437500 0.076474 
0.442500 0.089187 
0.447500 0.103361 
0.452500 0.119044 
0.457500 0.136257 
0.462500 0.155002 
0.467500 0.175249 
0.472500 0.196939 
0.477500 0.219980 
0.482500 0.244246 
0.487500 0.269576 
0.492500 0.295773 
0.497500 0.322611 
0.502500 0.349829 
0.507500 0.377142 
0.512500 0.404242 
0.517500 0.430803 
0.522500 0.456490 
0.527500 0.480961 
0.532500 0.503880 
0.537500 0.524922 
0.542500 0.543777 
0.547500 0.560165 
0.552500 0.573835 
0.557500 0.584577 
0.562500 0.592223 
0.567500 0.596654 
0.572500 0.597802 
0.577500 0.595652 
0.582500 0.590241 
0.587500 0.581659 
0.592500 0.570046 
0.597500 0.555586 
0.602500 0.538507 
0.607500 0.519070 
0.612500 0.497567 
0.617500 0.474311 
0.622500 0.449630 
0.627500 0.423860 
0.632500 0.397335 
0.637500 0.370384 
0.642500 0.343321 
0.647500 0.316443 
0.652500 0.290019 
0.657500 0.264293 
0.662500 0.239478 
0.667500 0.215753 
0.672500 0.193264 
0.677500 0.172123 
0.682500 0.152410 
0.687500 0.134172 
0.692500 0.117431 
0.697500 0.102179 
0.702500 0.088388 
0.707500 0.076010 
0.712500 0.064981 
0.717500 0.055224 
0.722500 0.046655 
0.727500 0.039182 
0.732500 0.032710 
0.737500 0.027144 
0.742500 0.022391 
0.747500 0.018360 
0.752500 0.014964 
0.757500 0.012123 
0.762500 0.009762 
0.767500 0.007814 
0.772500 0.006217 
0.777500 0.004916 
0.782500 0.003864 
0.787500 0.003019 
0.792500 0.002344 
0.797500 0.001809 
0.802500 0.001388 
0.807500 0.001058 
0.812500 0.000802 
0.817500 0.000604 
0.822500 0.000452 
0.827500 0.000337 
0.832500 0.000249 
0.837500 0.000183 
0.842500 0.000134 
0.847500 0.000097 
0.852500 0.000070 
0.857500 0.000050 
0.862500 0.000036 
0.867500 0.000025 
0.872500 0.000018 
0.877500 0.000013 
0.882500 0.000009 
0.887500 0.000006 
0.892500 0.000004 
0.897500 0.000003 
0.902500 0.000002 
0.907500 0.000001 
0.912500 0.000001 
0.917500 0.000001 
0.922500 0.000000 
0.927500 0.000000 
0.932500 0.000000 
0.937500 0.000000 
0.942500 0.000000 
0.947500 0.000000 
0.952500 0.000000 
0.957500 0.000000 
0.962500 0.000000 
0.967500 0.000000 
0.972500 0.000000 
0.977500 0.000000 
0.982500 0.000000 
0.987500 0.000000 
0.992500 0.000000 
0.997500 0.000000 
