0.002500 0.000000 
0.007500 0.000000 
0.012500 0.000000 
0.017500 0.000000 
0.022500 0.000000 
0.027500 0.000000 
0.032500 0.000000 
0.037500 0.000000 
0.042500 0.000000 
0.047500 0.000000 
0.052500 0.000000 
0.057500 0.000000 
0.062500 0.000000 
0.067500 0.000000 
0.072500 0.000000 
0.077500 0.000000 
0.082500 0.000000 
0.087500 0.000000 
0.092500 0.000000 
0.097500 0.000000 
0.102500 0.000000 
0.107500 0.000000 
0.112500 0.000000 
0.117500 0.000000 
0.122500 0.000000 
0.127500 0.000000 
0.132500 0.000000 
0.137500 0.000000 
0.142500 0.000000 
0.147500 0.000000 
0.152500 0.000000 
0.157500 0.000000 
0.162500 0.000000 
0.167500 0.000000 
0.172500 0.000000 
0.177500 0.000000 
0.182500 0.000000 
0.187500 0.000000 
0.192500 0.000000 
0.197500 0.000000 
0.202500 0.000000 
0.207500 0.000000 
0.212500 0.000000 
0.217500 0.000000 
0.222500 0.000000 
0.227500 0.000000 
0.232500 0.000000 
0.237500 0.000000 
0.242500 0.000000 
0.247500 0.000000 
0.252500 0.000000 
0.257500 0.000000 
0.262500 0.000000 
0.267500 0.000000 
0.272500 0.000000 
0.277500 0.000000 
0.282500 0.000000 
0.287500 0.000000 
0.292500 0.000000 
0.297500 0.000001 
0.302500 0.000001 
0.307500 0.000001 
0.312500 0.000002 
0.317500 0.000003 
0.322500 0.000004 
0.327500 0.000006 
0.332500 0.000009 
0.337500 0.000012 
0.342500 0.000018 
0.347500 0.000025 
0.352500 0.000034 
0.357500 0.000047 
0.362500 0.000065 
0.367500 0.000089 
0.372500 0.000121 
0.377500 0.000164 
0.382500 0.000220 
0.387500 0.000294 
0.392500 0.000390 
0.397500 0.000515 
0.402500 0.000676 
0.407500 0.000882 
0.412500 0.001145 
0.417500 0.001478 
0.422500 0.001896 
0.427500 0.002419 
0.432500 0.003068 
0.437500 0.003871 
0.442500 0.004855 
0.447500 0.006056 
0.452500 0.007512 
0.457500 0.009266 
0.462500 0.011367 
0.467500 0.013866 
0.472500 0.016823 
0.477500 0.020299 
0.482500 0.024359 
0.487500 0.029073 
0.492500 0.034512 
0.497500 0.040748 
0.502500 0.047854 
0.507500 0.055899 
0.512500 0.064950 
0.517500 0.075069 
0.522500 0.086308 
0.527500 0.098710 
0.532500 0.112306 
0.537500 0.127113 
0.542500 0.143130 
0.547500 0.160337 
0.552500 0.178695 
0.557500 0.198141 
0.562500 0.218591 
0.567500 0.239936 
0.572500 0.262042 
0.577500 0.284756 
0.582500 0.307898 
0.587500 0.331272 
0.592500 0.354660 
0.597500 0.377834 
0.602500 0.400551 
0.607500 0.422562 
0.612500 0.443615 
0.617500 0.463460 
0.622500 0.481853 
0.627500 0.498562 
0.632500 0.513372 
0.637500 0.526088 
0.642500 0.536540 
0.647500 0.544587 
0.652500 0.550120 
0.657500 0.553065 
0.662500 0.553383 
0.667500 0.551071 
0.672500 0.546164 
0.677500 0.538733 
0.682500 0.528882 
0.687500 0.516749 
0.692500 0.502499 
0.697500 0.486322 
0.702500 0.468431 
0.707500 0.449053 
0.712500 0.428428 
0.717500 0.406803 
0.722500 0.384426 
0.727500 0.361545 
0.732500 0.338398 
0.737500 0.315215 
0.742500 0.292209 
0.747500 0.269580 
0.752500 0.247504 
0.757500 0.226137 
0.762500 0.205615 
0.767500 0.186049 
0.772500 0.167526 
0.777500 0.150112 
0.782500 0.133852 
0.787500 0.118769 
0.792500 0.104869 
0.797500 0.092141 
0.802500 0.080559 
0.807500 0.070086 
0.812500 0.060673 
0.817500 0.052264 
0.822500 0.044797 
0.827500 0.038207 
0.832500 0.032423 
0.837500 0.027378 
0.842500 0.023003 
0.847500 0.019230 
0.852500 0.015996 
0.857500 0.013238 
0.862500 0.010902 
0.867500 0.008932 
0.872500 0.007282 
0.877500 0.005906 
0.882500 0.004766 
0.887500 0.003827 
0.892500 0.003058 
0.897500 0.002430 
0.902500 0.001922 
0.907500 0.001512 
0.912500 0.001184 
0.917500 0.000922 
0.922500 0.000715 
0.927500 0.000551 
0.932500 0.000423 
0.937500 0.000323 
0.942500 0.000245 
0.947500 0.000185 
0.952500 0.000139 
0.957500 0.000104 
0.962500 0.000077 
0.967500 0.000057 
0.972500 0.000042 
0.977500 0.000031 
0.982500 0.000023 
0.987500 0.000016 
0.992500 0.000012 
0.997500 0.000009 
