0.002500 0.000000 
0.007500 0.000000 
0.012500 0.000000 
0.017500 0.000000 
0.022500 0.000000 
0.027500 0.000000 
0.032500 0.000000 
0.037500 0.000000 
0.042500 0.000000 
0.047500 0.000000 
0.052500 0.000000 
0.057500 0.000000 
0.062500 0.000000 
0.067500 0.000000 
0.072500 0.000000 
0.077500 0.000000 
0.082500 0.000000 
0.087500 0.000000 
0.092500 0.000000 
0.097500 0.000000 
0.102500 0.000000 
0.107500 0.000000 
0.112500 0.000000 
0.117500 0.000000 
0.122500 0.000000 
0.127500 0.000000 
0.132500 0.000000 
0.137500 0.000000 
0.142500 0.000000 
0.147500 0.000000 
0.152500 0.000000 
0.157500 0.000000 
0.162500 0.000000 
0.167500 0.000000 
0.172500 0.000000 
0.177500 0.000000 
0.182500 0.000000 
0.187500 0.000000 
0.192500 0.000000 
0.197500 0.000000 
0.202500 0.000000 
0.207500 0.000000 
0.212500 0.000000 
0.217500 0.000000 
0.222500 0.000000 
0.227500 0.000000 
0.232500 0.000000 
0.237500 0.000000 
0.242500 0.000000 
0.247500 0.000000 
0.252500 0.000001 
0.257500 0.000001 
0.262500 0.000002 
0.267500 0.000002 
0.272500 0.000003 
0.277500 0.000005 
0.282500 0.000007 
0.287500 0.000011 
0.292500 0.000016 
0.297500 0.000022 
0.302500 0.000032 
0.307500 0.000045 
0.312500 0.000064 
0.317500 0.000089 
0.322500 0.000124 
0.327500 0.000172 
0.332500 0.000235 
0.337500 0.000321 
0.342500 0.000434 
0.347500 0.000584 
0.352500 0.000779 
0.357500 0.001034 
0.362500 0.001362 
0.367500 0.001784 
0.372500 0.002320 
0.377500 0.002998 
0.382500 0.003850 
0.387500 0.004910 
0.392500 0.006223 
0.397500 0.007837 
0.402500 0.009806 
0.407500 0.012191 
0.412500 0.015061 
0.417500 0.018490 
0.422500 0.022557 
0.427500 0.027348 
0.432500 0.032950 
0.437500 0.039455 
0.442500 0.046955 
0.447500 0.055539 
0.452500 0.065294 
0.457500 0.076298 
0.462500 0.088623 
0.467500 0.102325 
0.472500 0.117444 
0.477500 0.134002 
0.482500 0.151998 
0.487500 0.171406 
0.492500 0.192173 
0.497500 0.214215 
0.502500 0.237418 
0.507500 0.261637 
0.512500 0.286695 
0.517500 0.312385 
0.522500 0.338473 
0.527500 0.364698 
0.532500 0.390780 
0.537500 0.416421 
0.542500 0.441313 
0.547500 0.465140 
0.552500 0.487591 
0.557500 0.508361 
0.562500 0.527158 
0.567500 0.543715 
0.572500 0.557788 
0.577500 0.569170 
0.582500 0.577690 
0.587500 0.583219 
0.592500 0.585677 
0.597500 0.585026 
0.602500 0.581280 
0.607500 0.574501 
0.612500 0.564794 
0.617500 0.552311 
0.622500 0.537242 
0.627500 0.519813 
0.632500 0.500280 
0.637500 0.478920 
0.642500 0.456029 
0.647500 0.431916 
0.652500 0.406889 
0.657500 0.381257 
0.662500 0.355320 
0.667500 0.329362 
0.672500 0.303651 
0.677500 0.278429 
0.682500 0.253914 
0.687500 0.230295 
0.692500 0.207730 
0.697500 0.186348 
0.702500 0.166248 
0.707500 0.147496 
0.712500 0.130136 
0.717500 0.114181 
0.722500 0.099624 
0.727500 0.086438 
0.732500 0.074577 
0.737500 0.063982 
0.742500 0.054584 
0.747500 0.046303 
0.752500 0.039057 
0.757500 0.032758 
0.762500 0.027318 
0.767500 0.022653 
0.772500 0.018677 
0.777500 0.015311 
0.782500 0.012480 
0.787500 0.010114 
0.792500 0.008149 
0.797500 0.006529 
0.802500 0.005200 
0.807500 0.004118 
0.812500 0.003243 
0.817500 0.002539 
0.822500 0.001976 
0.827500 0.001529 
0.832500 0.001176 
0.837500 0.000900 
0.842500 0.000684 
0.847500 0.000517 
0.852500 0.000389 
0.857500 0.000291 
0.862500 0.000216 
0.867500 0.000160 
0.872500 0.000117 
0.877500 0.000086 
0.882500 0.000062 
0.887500 0.000045 
0.892500 0.000032 
0.897500 0.000023 
0.902500 0.000016 
0.907500 0.000011 
0.912500 0.000008 
0.917500 0.000006 
0.922500 0.000004 
0.927500 0.000003 
0.932500 0.000002 
0.937500 0.000001 
0.942500 0.000001 
0.947500 0.000001 
0.952500 0.000000 
0.957500 0.000000 
0.962500 0.000000 
0.967500 0.000000 
0.972500 0.000000 
0.977500 0.000000 
0.982500 0.000000 
0.987500 0.000000 
0.992500 0.000000 
0.997500 0.000000 
