0.002500 0.000000 
0.007500 0.000000 
0.012500 0.000000 
0.017500 0.000000 
0.022500 0.000000 
0.027500 0.000000 
0.032500 0.000000 
0.037500 0.000000 
0.042500 0.000000 
0.047500 0.000000 
0.052500 0.000000 
0.057500 0.000000 
0.062500 0.000000 
0.067500 0.000000 
0.072500 0.000000 
0.077500 0.000000 
0.082500 0.000000 
0.087500 0.000000 
0.092500 0.000000 
0.097500 0.000000 
0.102500 0.000000 
0.107500 0.000000 
0.112500 0.000000 
0.117500 0.000000 
0.122500 0.000000 
0.127500 0.000000 
0.132500 0.000000 
0.137500 0.000000 
0.142500 0.000000 
0.147500 0.000000 
0.152500 0.000000 
0.157500 0.000000 
0.162500 0.000000 
0.167500 0.000000 
0.172500 0.000000 
0.177500 0.000000 
0.182500 0.000000 
0.187500 0.000000 
0.192500 0.000000 
0.197500 0.000000 
0.202500 0.000000 
0.207500 0.000001 
0.212500 0.000001 
0.217500 0.000001 
0.222500 0.000002 
0.227500 0.000003 
0.232500 0.000005 
0.237500 0.000008 
0.242500 0.000012 
0.247500 0.000018 
0.252500 0.000026 
0.257500 0.000039 
0.262500 0.000057 
0.267500 0.000082 
0.272500 0.000117 
0.277500 0.000167 
0.282500 0.000235 
0.287500 0.000328 
0.292500 0.000456 
0.297500 0.000628 
0.302500 0.000858 
0.307500 0.001163 
0.312500 0.001565 
0.317500 0.002089 
0.322500 0.002767 
0.327500 0.003637 
0.332500 0.004745 
0.337500 0.006143 
0.342500 0.007893 
0.347500 0.010065 
0.352500 0.012739 
0.357500 0.016004 
0.362500 0.019957 
0.367500 0.024705 
0.372500 0.030358 
0.377500 0.037035 
0.382500 0.044854 
0.387500 0.053936 
0.392500 0.064395 
0.397500 0.076340 
0.402500 0.089866 
0.407500 0.105052 
0.412500 0.121956 
0.417500 0.140610 
0.422500 0.161013 
0.427500 0.183132 
0.432500 0.206894 
0.437500 0.232186 
0.442500 0.258852 
0.447500 0.286692 
0.452500 0.315465 
0.457500 0.344890 
0.462500 0.374649 
0.467500 0.404393 
0.472500 0.433748 
0.477500 0.462322 
0.482500 0.489715 
0.487500 0.515525 
0.492500 0.539362 
0.497500 0.560852 
0.502500 0.579650 
0.507500 0.595450 
0.512500 0.607989 
0.517500 0.617057 
0.522500 0.622502 
0.527500 0.624232 
0.532500 0.622222 
0.537500 0.616509 
0.542500 0.607196 
0.547500 0.594446 
0.552500 0.578478 
0.557500 0.559561 
0.562500 0.538009 
0.567500 0.514168 
0.572500 0.488414 
0.577500 0.461135 
0.582500 0.432730 
0.587500 0.403592 
0.592500 0.374106 
0.597500 0.344638 
0.602500 0.315525 
0.607500 0.287075 
0.612500 0.259558 
0.617500 0.233207 
0.622500 0.208209 
0.627500 0.184714 
0.632500 0.162828 
0.637500 0.142619 
0.642500 0.124116 
0.647500 0.107318 
0.652500 0.092193 
0.657500 0.078686 
0.662500 0.066720 
0.667500 0.056204 
0.672500 0.047035 
0.677500 0.039103 
0.682500 0.032294 
0.687500 0.026494 
0.692500 0.021592 
0.697500 0.017480 
0.702500 0.014057 
0.707500 0.011228 
0.712500 0.008909 
0.717500 0.007022 
0.722500 0.005497 
0.727500 0.004274 
0.732500 0.003301 
0.737500 0.002533 
0.742500 0.001930 
0.747500 0.001461 
0.752500 0.001098 
0.757500 0.000820 
0.762500 0.000608 
0.767500 0.000448 
0.772500 0.000328 
0.777500 0.000238 
0.782500 0.000172 
0.787500 0.000123 
0.792500 0.000088 
0.797500 0.000062 
0.802500 0.000044 
0.807500 0.000030 
0.812500 0.000021 
0.817500 0.000015 
0.822500 0.000010 
0.827500 0.000007 
0.832500 0.000005 
0.837500 0.000003 
0.842500 0.000002 
0.847500 0.000001 
0.852500 0.000001 
0.857500 0.000001 
0.862500 0.000000 
0.867500 0.000000 
0.872500 0.000000 
0.877500 0.000000 
0.882500 0.000000 
0.887500 0.000000 
0.892500 0.000000 
0.897500 0.000000 
0.902500 0.000000 
0.907500 0.000000 
0.912500 0.000000 
0.917500 0.000000 
0.922500 0.000000 
0.927500 0.000000 
0.932500 0.000000 
0.937500 0.000000 
0.942500 0.000000 
0.947500 0.000000 
0.952500 0.000000 
0.957500 0.000000 
0.962500 0.000000 
0.967500 0.000000 
0.972500 0.000000 
0.977500 0.000000 
0.982500 0.000000 
0.987500 0.000000 
0.992500 0.000000 
0.997500 0.000000 
