0.002500 0.000000 
0.007500 0.000000 
0.012500 0.000000 
0.017500 0.000000 
0.022500 0.000000 
0.027500 0.000000 
0.032500 0.000000 
0.037500 0.000000 
0.042500 0.000000 
0.047500 0.000000 
0.052500 0.000000 
0.057500 0.000000 
0.062500 0.000000 
0.067500 0.000000 
0.072500 0.000000 
0.077500 0.000000 
0.082500 0.000000 
0.087500 0.000000 
0.092500 0.000000 
0.097500 0.000000 
0.102500 0.000000 
0.107500 0.000000 
0.112500 0.000000 
0.117500 0.000000 
0.122500 0.000000 
0.127500 0.000000 
0.132500 0.000000 
0.137500 0.000000 
0.142500 0.000000 
0.147500 0.000000 
0.152500 0.000000 
0.157500 0.000000 
0.162500 0.000000 
0.167500 0.000001 
0.172500 0.000001 
0.177500 0.000002 
0.182500 0.000003 
0.187500 0.000005 
0.192500 0.000007 
0.197500 0.000012 
0.202500 0.000018 
0.207500 0.000028 
0.212500 0.000042 
0.217500 0.000064 
0.222500 0.000096 
0.227500 0.000142 
0.232500 0.000208 
0.237500 0.000302 
0.242500 0.000435 
0.247500 0.000620 
0.252500 0.000875 
0.257500 0.001224 
0.262500 0.001695 
0.267500 0.002325 
0.272500 0.003160 
0.277500 0.004254 
0.282500 0.005675 
0.287500 0.007501 
0.292500 0.009825 
0.297500 0.012750 
0.302500 0.016398 
0.307500 0.020900 
0.312500 0.026402 
0.317500 0.033057 
0.322500 0.041026 
0.327500 0.050475 
0.332500 0.061564 
0.337500 0.074447 
0.342500 0.089264 
0.347500 0.106131 
0.352500 0.125137 
0.357500 0.146332 
0.362500 0.169723 
0.367500 0.195267 
0.372500 0.222863 
0.377500 0.252354 
0.382500 0.283517 
0.387500 0.316072 
0.392500 0.349676 
0.397500 0.383935 
0.402500 0.418402 
0.407500 0.452598 
0.412500 0.486009 
0.417500 0.518111 
0.422500 0.548373 
0.427500 0.576279 
0.432500 0.601335 
0.437500 0.623088 
0.442500 0.641138 
0.447500 0.655146 
0.452500 0.664849 
0.457500 0.670063 
0.462500 0.670690 
0.467500 0.666722 
0.472500 0.658240 
0.477500 0.645413 
0.482500 0.628490 
0.487500 0.607795 
0.492500 0.583717 
0.497500 0.556698 
0.502500 0.527222 
0.507500 0.495800 
0.512500 0.462954 
0.517500 0.429208 
0.522500 0.395070 
0.527500 0.361023 
0.532500 0.327512 
0.537500 0.294937 
0.542500 0.263642 
0.547500 0.233918 
0.552500 0.205993 
0.557500 0.180035 
0.562500 0.156157 
0.567500 0.134413 
0.572500 0.114809 
0.577500 0.097308 
0.582500 0.081835 
0.587500 0.068287 
0.592500 0.056535 
0.597500 0.046438 
0.602500 0.037843 
0.607500 0.030595 
0.612500 0.024538 
0.617500 0.019523 
0.622500 0.015409 
0.627500 0.012065 
0.632500 0.009370 
0.637500 0.007219 
0.642500 0.005517 
0.647500 0.004182 
0.652500 0.003144 
0.657500 0.002345 
0.662500 0.001735 
0.667500 0.001273 
0.672500 0.000926 
0.677500 0.000669 
0.682500 0.000479 
0.687500 0.000340 
0.692500 0.000240 
0.697500 0.000167 
0.702500 0.000116 
0.707500 0.000080 
0.712500 0.000054 
0.717500 0.000037 
0.722500 0.000025 
0.727500 0.000016 
0.732500 0.000011 
0.737500 0.000007 
0.742500 0.000005 
0.747500 0.000003 
0.752500 0.000002 
0.757500 0.000001 
0.762500 0.000001 
0.767500 0.000000 
0.772500 0.000000 
0.777500 0.000000 
0.782500 0.000000 
0.787500 0.000000 
0.792500 0.000000 
0.797500 0.000000 
0.802500 0.000000 
0.807500 0.000000 
0.812500 0.000000 
0.817500 0.000000 
0.822500 0.000000 
0.827500 0.000000 
0.832500 0.000000 
0.837500 0.000000 
0.842500 0.000000 
0.847500 0.000000 
0.852500 0.000000 
0.857500 0.000000 
0.862500 0.000000 
0.867500 0.000000 
0.872500 0.000000 
0.877500 0.000000 
0.882500 0.000000 
0.887500 0.000000 
0.892500 0.000000 
0.897500 0.000000 
0.902500 0.000000 
0.907500 0.000000 
0.912500 0.000000 
0.917500 0.000000 
0.922500 0.000000 
0.927500 0.000000 
0.932500 0.000000 
0.937500 0.000000 
0.942500 0.000000 
0.947500 0.000000 
0.952500 0.000000 
0.957500 0.000000 
0.962500 0.000000 
0.967500 0.000000 
0.972500 0.000000 
0.977500 0.000000 
0.982500 0.000000 
0.987500 0.000000 
0.992500 0.000000 
0.997500 0.000000 
