0.002500 0.000000 
0.007500 0.000000 
0.012500 0.000000 
0.017500 0.000000 
0.022500 0.000000 
0.027500 0.000000 
0.032500 0.000000 
0.037500 0.000000 
0.042500 0.000000 
0.047500 0.000000 
0.052500 0.000000 
0.057500 0.000000 
0.062500 0.000000 
0.067500 0.000000 
0.072500 0.000000 
0.077500 0.000000 
0.082500 0.000000 
0.087500 0.000000 
0.092500 0.000000 
0.097500 0.000000 
0.102500 0.000000 
0.107500 0.000000 
0.112500 0.000000 
0.117500 0.000000 
0.122500 0.000000 
0.127500 0.000001 
0.132500 0.000001 
0.137500 0.000002 
0.142500 0.000003 
0.147500 0.000005 
0.152500 0.000009 
0.157500 0.000014 
0.162500 0.000023 
0.167500 0.000038 
0.172500 0.000061 
0.177500 0.000096 
0.182500 0.000149 
0.187500 0.000229 
0.192500 0.000349 
0.197500 0.000524 
0.202500 0.000777 
0.207500 0.001138 
0.212500 0.001648 
0.217500 0.002357 
0.222500 0.003330 
0.227500 0.004651 
0.232500 0.006418 
0.237500 0.008754 
0.242500 0.011800 
0.247500 0.015723 
0.252500 0.020710 
0.257500 0.026970 
0.262500 0.034727 
0.267500 0.044218 
0.272500 0.055681 
0.277500 0.069352 
0.282500 0.085448 
0.287500 0.104158 
0.292500 0.125630 
0.297500 0.149956 
0.302500 0.177160 
0.307500 0.207189 
0.312500 0.239900 
0.317500 0.275059 
0.322500 0.312338 
0.327500 0.351313 
0.332500 0.391476 
0.337500 0.432241 
0.342500 0.472961 
0.347500 0.512944 
0.352500 0.551469 
0.357500 0.587815 
0.362500 0.621274 
0.367500 0.651178 
0.372500 0.676915 
0.377500 0.697952 
0.382500 0.713846 
0.387500 0.724262 
0.392500 0.728978 
0.397500 0.727896 
0.402500 0.721043 
0.407500 0.708571 
0.412500 0.690750 
0.417500 0.667964 
0.422500 0.640699 
0.427500 0.609524 
0.432500 0.575079 
0.437500 0.538050 
0.442500 0.499153 
0.447500 0.459109 
0.452500 0.418621 
0.457500 0.378357 
0.462500 0.338931 
0.467500 0.300887 
0.472500 0.264686 
0.477500 0.230701 
0.482500 0.199213 
0.487500 0.170409 
0.492500 0.144391 
0.497500 0.121176 
0.502500 0.100716 
0.507500 0.082898 
0.512500 0.067567 
0.517500 0.054530 
0.522500 0.043574 
0.527500 0.034473 
0.532500 0.027002 
0.537500 0.020938 
0.542500 0.016073 
0.547500 0.012214 
0.552500 0.009187 
0.557500 0.006841 
0.562500 0.005042 
0.567500 0.003679 
0.572500 0.002657 
0.577500 0.001899 
0.582500 0.001344 
0.587500 0.000941 
0.592500 0.000652 
0.597500 0.000448 
0.602500 0.000304 
0.607500 0.000204 
0.612500 0.000136 
0.617500 0.000090 
0.622500 0.000058 
0.627500 0.000038 
0.632500 0.000024 
0.637500 0.000015 
0.642500 0.000010 
0.647500 0.000006 
0.652500 0.000004 
0.657500 0.000002 
0.662500 0.000001 
0.667500 0.000001 
0.672500 0.000000 
0.677500 0.000000 
0.682500 0.000000 
0.687500 0.000000 
0.692500 0.000000 
0.697500 0.000000 
0.702500 0.000000 
0.707500 0.000000 
0.712500 0.000000 
0.717500 0.000000 
0.722500 0.000000 
0.727500 0.000000 
0.732500 0.000000 
0.737500 0.000000 
0.742500 0.000000 
0.747500 0.000000 
0.752500 0.000000 
0.757500 0.000000 
0.762500 0.000000 
0.767500 0.000000 
0.772500 0.000000 
0.777500 0.000000 
0.782500 0.000000 
0.787500 0.000000 
0.792500 0.000000 
0.797500 0.000000 
0.802500 0.000000 
0.807500 0.000000 
0.812500 0.000000 
0.817500 0.000000 
0.822500 0.000000 
0.827500 0.000000 
0.832500 0.000000 
0.837500 0.000000 
0.842500 0.000000 
0.847500 0.000000 
0.852500 0.000000 
0.857500 0.000000 
0.862500 0.000000 
0.867500 0.000000 
0.872500 0.000000 
0.877500 0.000000 
0.882500 0.000000 
0.887500 0.000000 
0.892500 0.000000 
0.897500 0.000000 
0.902500 0.000000 
0.907500 0.000000 
0.912500 0.000000 
0.917500 0.000000 
0.922500 0.000000 
0.927500 0.000000 
0.932500 0.000000 
0.937500 0.000000 
0.942500 0.000000 
0.947500 0.000000 
0.952500 0.000000 
0.957500 0.000000 
0.962500 0.000000 
0.967500 0.000000 
0.972500 0.000000 
0.977500 0.000000 
0.982500 0.000000 
0.987500 0.000000 
0.992500 0.000000 
0.997500 0.000000 
