0.002500 0.000000 
0.007500 0.000000 
0.012500 0.000000 
0.017500 0.000000 
0.022500 0.000000 
0.027500 0.000000 
0.032500 0.000000 
0.037500 0.000000 
0.042500 0.000000 
0.047500 0.000000 
0.052500 0.000000 
0.057500 0.000000 
0.062500 0.000000 
0.067500 0.000000 
0.072500 0.000000 
0.077500 0.000000 
0.082500 0.000000 
0.087500 0.000000 
0.092500 0.000000 
0.097500 0.000000 
0.102500 0.000000 
0.107500 0.000000 
0.112500 0.000000 
0.117500 0.000000 
0.122500 0.000000 
0.127500 0.000000 
0.132500 0.000000 
0.137500 0.000000 
0.142500 0.000000 
0.147500 0.000000 
0.152500 0.000000 
0.157500 0.000000 
0.162500 0.000000 
0.167500 0.000000 
0.172500 0.000000 
0.177500 0.000000 
0.182500 0.000000 
0.187500 0.000000 
0.192500 0.000000 
0.197500 0.000000 
0.202500 0.000000 
0.207500 0.000000 
0.212500 0.000000 
0.217500 0.000000 
0.222500 0.000000 
0.227500 0.000000 
0.232500 0.000000 
0.237500 0.000000 
0.242500 0.000000 
0.247500 0.000000 
0.252500 0.000000 
0.257500 0.000000 
0.262500 0.000000 
0.267500 0.000000 
0.272500 0.000000 
0.277500 0.000000 
0.282500 0.000000 
0.287500 0.000000 
0.292500 0.000000 
0.297500 0.000000 
0.302500 0.000000 
0.307500 0.000000 
0.312500 0.000000 
0.317500 0.000000 
0.322500 0.000000 
0.327500 0.000000 
0.332500 0.000000 
0.337500 0.000000 
0.342500 0.000000 
0.347500 0.000000 
0.352500 0.000000 
0.357500 0.000000 
0.362500 0.000000 
0.367500 0.000000 
0.372500 0.000000 
0.377500 0.000000 
0.382500 0.000000 
0.387500 0.000000 
0.392500 0.000000 
0.397500 0.000000 
0.402500 0.000000 
0.407500 0.000000 
0.412500 0.000000 
0.417500 0.000000 
0.422500 0.000000 
0.427500 0.000000 
0.432500 0.000000 
0.437500 0.000000 
0.442500 0.000000 
0.447500 0.000000 
0.452500 0.000000 
0.457500 0.000001 
0.462500 0.000001 
0.467500 0.000001 
0.472500 0.000002 
0.477500 0.000002 
0.482500 0.000003 
0.487500 0.000004 
0.492500 0.000006 
0.497500 0.000008 
0.502500 0.000011 
0.507500 0.000014 
0.512500 0.000019 
0.517500 0.000025 
0.522500 0.000033 
0.527500 0.000044 
0.532500 0.000057 
0.537500 0.000074 
0.542500 0.000096 
0.547500 0.000124 
0.552500 0.000159 
0.557500 0.000203 
0.562500 0.000259 
0.567500 0.000329 
0.572500 0.000416 
0.577500 0.000523 
0.582500 0.000656 
0.587500 0.000819 
0.592500 0.001019 
0.597500 0.001263 
0.602500 0.001559 
0.607500 0.001916 
0.612500 0.002347 
0.617500 0.002862 
0.622500 0.003477 
0.627500 0.004207 
0.632500 0.005071 
0.637500 0.006088 
0.642500 0.007281 
0.647500 0.008674 
0.652500 0.010293 
0.657500 0.012167 
0.662500 0.014327 
0.667500 0.016805 
0.672500 0.019637 
0.677500 0.022857 
0.682500 0.026504 
0.687500 0.030616 
0.692500 0.035231 
0.697500 0.040387 
0.702500 0.046124 
0.707500 0.052477 
0.712500 0.059479 
0.717500 0.067163 
0.722500 0.075556 
0.727500 0.084680 
0.732500 0.094553 
0.737500 0.105184 
0.742500 0.116576 
0.747500 0.128724 
0.752500 0.141614 
0.757500 0.155222 
0.762500 0.169512 
0.767500 0.184441 
0.772500 0.199950 
0.777500 0.215974 
0.782500 0.232433 
0.787500 0.249239 
0.792500 0.266292 
0.797500 0.283484 
0.802500 0.300697 
0.807500 0.317809 
0.812500 0.334687 
0.817500 0.351198 
0.822500 0.367206 
0.827500 0.382571 
0.832500 0.397158 
0.837500 0.410833 
0.842500 0.423469 
0.847500 0.434944 
0.852500 0.445146 
0.857500 0.453975 
0.862500 0.461342 
0.867500 0.467172 
0.872500 0.471408 
0.877500 0.474005 
0.882500 0.474937 
0.887500 0.474197 
0.892500 0.471794 
0.897500 0.467753 
0.902500 0.462118 
0.907500 0.454948 
0.912500 0.446317 
0.917500 0.436314 
0.922500 0.425039 
0.927500 0.412604 
0.932500 0.399128 
0.937500 0.384738 
0.942500 0.369566 
0.947500 0.353748 
0.952500 0.337419 
0.957500 0.320714 
0.962500 0.303767 
0.967500 0.286707 
0.972500 0.269659 
0.977500 0.252750 
0.982500 0.236131 
0.987500 0.220060 
0.992500 0.205217 
0.997500 0.193836 
