0.002500 0.000000 
0.007500 0.000000 
0.012500 0.000000 
0.017500 0.000000 
0.022500 0.000000 
0.027500 0.000000 
0.032500 0.000000 
0.037500 0.000000 
0.042500 0.000000 
0.047500 0.000000 
0.052500 0.000000 
0.057500 0.000000 
0.062500 0.000000 
0.067500 0.000000 
0.072500 0.000000 
0.077500 0.000000 
0.082500 0.000000 
0.087500 0.000000 
0.092500 0.000000 
0.097500 0.000000 
0.102500 0.000000 
0.107500 0.000000 
0.112500 0.000000 
0.117500 0.000000 
0.122500 0.000000 
0.127500 0.000000 
0.132500 0.000000 
0.137500 0.000000 
0.142500 0.000000 
0.147500 0.000000 
0.152500 0.000000 
0.157500 0.000000 
0.162500 0.000000 
0.167500 0.000000 
0.172500 0.000000 
0.177500 0.000000 
0.182500 0.000000 
0.187500 0.000000 
0.192500 0.000000 
0.197500 0.000000 
0.202500 0.000000 
0.207500 0.000000 
0.212500 0.000000 
0.217500 0.000000 
0.222500 0.000000 
0.227500 0.000000 
0.232500 0.000000 
0.237500 0.000000 
0.242500 0.000000 
0.247500 0.000000 
0.252500 0.000000 
0.257500 0.000000 
0.262500 0.000000 
0.267500 0.000000 
0.272500 0.000000 
0.277500 0.000000 
0.282500 0.000000 
0.287500 0.000000 
0.292500 0.000000 
0.297500 0.000000 
0.302500 0.000000 
0.307500 0.000000 
0.312500 0.000000 
0.317500 0.000000 
0.322500 0.000000 
0.327500 0.000000 
0.332500 0.000000 
0.337500 0.000000 
0.342500 0.000000 
0.347500 0.000000 
0.352500 0.000000 
0.357500 0.000000 
0.362500 0.000000 
0.367500 0.000000 
0.372500 0.000000 
0.377500 0.000000 
0.382500 0.000000 
0.387500 0.000000 
0.392500 0.000000 
0.397500 0.000000 
0.402500 0.000000 
0.407500 0.000000 
0.412500 0.000000 
0.417500 0.000000 
0.422500 0.000000 
0.427500 0.000000 
0.432500 0.000000 
0.437500 0.000000 
0.442500 0.000000 
0.447500 0.000000 
0.452500 0.000000 
0.457500 0.000000 
0.462500 0.000000 
0.467500 0.000000 
0.472500 0.000000 
0.477500 0.000000 
0.482500 0.000000 
0.487500 0.000000 
0.492500 0.000000 
0.497500 0.000000 
0.502500 0.000001 
0.507500 0.000001 
0.512500 0.000001 
0.517500 0.000001 
0.522500 0.000002 
0.527500 0.000002 
0.532500 0.000003 
0.537500 0.000004 
0.542500 0.000006 
0.547500 0.000007 
0.552500 0.000010 
0.557500 0.000013 
0.562500 0.000017 
0.567500 0.000022 
0.572500 0.000029 
0.577500 0.000037 
0.582500 0.000048 
0.587500 0.000062 
0.592500 0.000080 
0.597500 0.000102 
0.602500 0.000131 
0.607500 0.000166 
0.612500 0.000210 
0.617500 0.000264 
0.622500 0.000332 
0.627500 0.000415 
0.632500 0.000518 
0.637500 0.000643 
0.642500 0.000796 
0.647500 0.000981 
0.652500 0.001205 
0.657500 0.001475 
0.662500 0.001799 
0.667500 0.002186 
0.672500 0.002647 
0.677500 0.003193 
0.682500 0.003838 
0.687500 0.004597 
0.692500 0.005485 
0.697500 0.006523 
0.702500 0.007729 
0.707500 0.009125 
0.712500 0.010734 
0.717500 0.012583 
0.722500 0.014698 
0.727500 0.017108 
0.732500 0.019843 
0.737500 0.022935 
0.742500 0.026414 
0.747500 0.030315 
0.752500 0.034670 
0.757500 0.039512 
0.762500 0.044874 
0.767500 0.050787 
0.772500 0.057280 
0.777500 0.064378 
0.782500 0.072107 
0.787500 0.080486 
0.792500 0.089530 
0.797500 0.099248 
0.802500 0.109645 
0.807500 0.120717 
0.812500 0.132455 
0.817500 0.144840 
0.822500 0.157846 
0.827500 0.171437 
0.832500 0.185569 
0.837500 0.200188 
0.842500 0.215233 
0.847500 0.230631 
0.852500 0.246302 
0.857500 0.262157 
0.862500 0.278101 
0.867500 0.294031 
0.872500 0.309839 
0.877500 0.325412 
0.882500 0.340633 
0.887500 0.355384 
0.892500 0.369549 
0.897500 0.383008 
0.902500 0.395649 
0.907500 0.407360 
0.912500 0.418038 
0.917500 0.427586 
0.922500 0.435918 
0.927500 0.442954 
0.932500 0.448630 
0.937500 0.452891 
0.942500 0.455699 
0.947500 0.457026 
0.952500 0.456861 
0.957500 0.455207 
0.962500 0.452081 
0.967500 0.447515 
0.972500 0.441560 
0.977500 0.434286 
0.982500 0.425816 
0.987500 0.416401 
0.992500 0.406703 
0.997500 0.398713 
