0.002500 0.000000 
0.007500 0.000000 
0.012500 0.000000 
0.017500 0.000000 
0.022500 0.000000 
0.027500 0.000000 
0.032500 0.000000 
0.037500 0.000000 
0.042500 0.000000 
0.047500 0.000000 
0.052500 0.000000 
0.057500 0.000000 
0.062500 0.000000 
0.067500 0.000000 
0.072500 0.000000 
0.077500 0.000000 
0.082500 0.000000 
0.087500 0.000000 
0.092500 0.000000 
0.097500 0.000000 
0.102500 0.000000 
0.107500 0.000000 
0.112500 0.000000 
0.117500 0.000000 
0.122500 0.000000 
0.127500 0.000000 
0.132500 0.000000 
0.137500 0.000000 
0.142500 0.000000 
0.147500 0.000000 
0.152500 0.000000 
0.157500 0.000000 
0.162500 0.000000 
0.167500 0.000000 
0.172500 0.000000 
0.177500 0.000000 
0.182500 0.000001 
0.187500 0.000001 
0.192500 0.000002 
0.197500 0.000003 
0.202500 0.000005 
0.207500 0.000008 
0.212500 0.000012 
0.217500 0.000018 
0.222500 0.000028 
0.227500 0.000042 
0.232500 0.000062 
0.237500 0.000092 
0.242500 0.000135 
0.247500 0.000195 
0.252500 0.000280 
0.257500 0.000399 
0.262500 0.000563 
0.267500 0.000788 
0.272500 0.001092 
0.277500 0.001500 
0.282500 0.002043 
0.287500 0.002758 
0.292500 0.003691 
0.297500 0.004897 
0.302500 0.006441 
0.307500 0.008399 
0.312500 0.010860 
0.317500 0.013923 
0.322500 0.017699 
0.327500 0.022313 
0.332500 0.027895 
0.337500 0.034588 
0.342500 0.042535 
0.347500 0.051885 
0.352500 0.062780 
0.357500 0.075357 
0.362500 0.089737 
0.367500 0.106022 
0.372500 0.124289 
0.377500 0.144579 
0.382500 0.166898 
0.387500 0.191203 
0.392500 0.217407 
0.397500 0.245367 
0.402500 0.274888 
0.407500 0.305720 
0.412500 0.337559 
0.417500 0.370055 
0.422500 0.402812 
0.427500 0.435399 
0.432500 0.467355 
0.437500 0.498207 
0.442500 0.527471 
0.447500 0.554673 
0.452500 0.579357 
0.457500 0.601098 
0.462500 0.619512 
0.467500 0.634271 
0.472500 0.645107 
0.477500 0.651824 
0.482500 0.654299 
0.487500 0.652491 
0.492500 0.646437 
0.497500 0.636254 
0.502500 0.622134 
0.507500 0.604340 
0.512500 0.583196 
0.517500 0.559080 
0.522500 0.532412 
0.527500 0.503644 
0.532500 0.473247 
0.537500 0.441695 
0.542500 0.409461 
0.547500 0.376999 
0.552500 0.344737 
0.557500 0.313067 
0.562500 0.282338 
0.567500 0.252851 
0.572500 0.224857 
0.577500 0.198553 
0.582500 0.174082 
0.587500 0.151539 
0.592500 0.130969 
0.597500 0.112376 
0.602500 0.095724 
0.607500 0.080946 
0.612500 0.067949 
0.617500 0.056620 
0.622500 0.046832 
0.627500 0.038450 
0.632500 0.031334 
0.637500 0.025344 
0.642500 0.020347 
0.647500 0.016213 
0.652500 0.012821 
0.657500 0.010063 
0.662500 0.007839 
0.667500 0.006060 
0.672500 0.004650 
0.677500 0.003540 
0.682500 0.002675 
0.687500 0.002006 
0.692500 0.001493 
0.697500 0.001103 
0.702500 0.000808 
0.707500 0.000588 
0.712500 0.000424 
0.717500 0.000304 
0.722500 0.000216 
0.727500 0.000153 
0.732500 0.000107 
0.737500 0.000074 
0.742500 0.000051 
0.747500 0.000035 
0.752500 0.000024 
0.757500 0.000016 
0.762500 0.000011 
0.767500 0.000007 
0.772500 0.000005 
0.777500 0.000003 
0.782500 0.000002 
0.787500 0.000001 
0.792500 0.000001 
0.797500 0.000001 
0.802500 0.000000 
0.807500 0.000000 
0.812500 0.000000 
0.817500 0.000000 
0.822500 0.000000 
0.827500 0.000000 
0.832500 0.000000 
0.837500 0.000000 
0.842500 0.000000 
0.847500 0.000000 
0.852500 0.000000 
0.857500 0.000000 
0.862500 0.000000 
0.867500 0.000000 
0.872500 0.000000 
0.877500 0.000000 
0.882500 0.000000 
0.887500 0.000000 
0.892500 0.000000 
0.897500 0.000000 
0.902500 0.000000 
0.907500 0.000000 
0.912500 0.000000 
0.917500 0.000000 
0.922500 0.000000 
0.927500 0.000000 
0.932500 0.000000 
0.937500 0.000000 
0.942500 0.000000 
0.947500 0.000000 
0.952500 0.000000 
0.957500 0.000000 
0.962500 0.000000 
0.967500 0.000000 
0.972500 0.000000 
0.977500 0.000000 
0.982500 0.000000 
0.987500 0.000000 
0.992500 0.000000 
0.997500 0.000000 
