0.002500 0.000000 
0.007500 0.000000 
0.012500 0.000000 
0.017500 0.000000 
0.022500 0.000000 
0.027500 0.000000 
0.032500 0.000000 
0.037500 0.000000 
0.042500 0.000000 
0.047500 0.000000 
0.052500 0.000000 
0.057500 0.000000 
0.062500 0.000000 
0.067500 0.000000 
0.072500 0.000000 
0.077500 0.000000 
0.082500 0.000000 
0.087500 0.000000 
0.092500 0.000000 
0.097500 0.000000 
0.102500 0.000000 
0.107500 0.000000 
0.112500 0.000000 
0.117500 0.000000 
0.122500 0.000000 
0.127500 0.000000 
0.132500 0.000000 
0.137500 0.000000 
0.142500 0.000000 
0.147500 0.000000 
0.152500 0.000000 
0.157500 0.000000 
0.162500 0.000000 
0.167500 0.000000 
0.172500 0.000000 
0.177500 0.000000 
0.182500 0.000000 
0.187500 0.000000 
0.192500 0.000000 
0.197500 0.000000 
0.202500 0.000000 
0.207500 0.000000 
0.212500 0.000000 
0.217500 0.000000 
0.222500 0.000000 
0.227500 0.000000 
0.232500 0.000000 
0.237500 0.000000 
0.242500 0.000000 
0.247500 0.000000 
0.252500 0.000000 
0.257500 0.000000 
0.262500 0.000000 
0.267500 0.000000 
0.272500 0.000000 
0.277500 0.000000 
0.282500 0.000000 
0.287500 0.000000 
0.292500 0.000000 
0.297500 0.000000 
0.302500 0.000000 
0.307500 0.000000 
0.312500 0.000000 
0.317500 0.000000 
0.322500 0.000000 
0.327500 0.000000 
0.332500 0.000000 
0.337500 0.000000 
0.342500 0.000000 
0.347500 0.000000 
0.352500 0.000000 
0.357500 0.000000 
0.362500 0.000000 
0.367500 0.000000 
0.372500 0.000000 
0.377500 0.000000 
0.382500 0.000000 
0.387500 0.000000 
0.392500 0.000000 
0.397500 0.000000 
0.402500 0.000000 
0.407500 0.000000 
0.412500 0.000000 
0.417500 0.000000 
0.422500 0.000000 
0.427500 0.000000 
0.432500 0.000000 
0.437500 0.000001 
0.442500 0.000001 
0.447500 0.000001 
0.452500 0.000001 
0.457500 0.000002 
0.462500 0.000003 
0.467500 0.000004 
0.472500 0.000005 
0.477500 0.000007 
0.482500 0.000009 
0.487500 0.000012 
0.492500 0.000016 
0.497500 0.000022 
0.502500 0.000029 
0.507500 0.000038 
0.512500 0.000050 
0.517500 0.000065 
0.522500 0.000085 
0.527500 0.000111 
0.532500 0.000143 
0.537500 0.000184 
0.542500 0.000236 
0.547500 0.000301 
0.552500 0.000382 
0.557500 0.000483 
0.562500 0.000609 
0.567500 0.000764 
0.572500 0.000955 
0.577500 0.001189 
0.582500 0.001475 
0.587500 0.001821 
0.592500 0.002239 
0.597500 0.002741 
0.602500 0.003344 
0.607500 0.004061 
0.612500 0.004914 
0.617500 0.005921 
0.622500 0.007105 
0.627500 0.008493 
0.632500 0.010111 
0.637500 0.011989 
0.642500 0.014159 
0.647500 0.016657 
0.652500 0.019517 
0.657500 0.022777 
0.662500 0.026478 
0.667500 0.030659 
0.672500 0.035362 
0.677500 0.040627 
0.682500 0.046493 
0.687500 0.053000 
0.692500 0.060183 
0.697500 0.068076 
0.702500 0.076707 
0.707500 0.086100 
0.712500 0.096273 
0.717500 0.107236 
0.722500 0.118992 
0.727500 0.131535 
0.732500 0.144848 
0.737500 0.158904 
0.742500 0.173667 
0.747500 0.189087 
0.752500 0.205103 
0.757500 0.221642 
0.762500 0.238620 
0.767500 0.255940 
0.772500 0.273495 
0.777500 0.291171 
0.782500 0.308840 
0.787500 0.326371 
0.792500 0.343625 
0.797500 0.360459 
0.802500 0.376729 
0.807500 0.392289 
0.812500 0.406996 
0.817500 0.420711 
0.822500 0.433302 
0.827500 0.444644 
0.832500 0.454622 
0.837500 0.463135 
0.842500 0.470095 
0.847500 0.475430 
0.852500 0.479084 
0.857500 0.481020 
0.862500 0.481218 
0.867500 0.479678 
0.872500 0.476416 
0.877500 0.471470 
0.882500 0.464892 
0.887500 0.456755 
0.892500 0.447143 
0.897500 0.436156 
0.902500 0.423908 
0.907500 0.410519 
0.912500 0.396122 
0.917500 0.380853 
0.922500 0.364854 
0.927500 0.348267 
0.932500 0.331237 
0.937500 0.313904 
0.942500 0.296405 
0.947500 0.278872 
0.952500 0.261428 
0.957500 0.244191 
0.962500 0.227267 
0.967500 0.210751 
0.972500 0.194732 
0.977500 0.179291 
0.982500 0.164522 
0.987500 0.150598 
0.992500 0.138015 
0.997500 0.128516 
