0.002500 0.000000 
0.007500 0.000000 
0.012500 0.000000 
0.017500 0.000000 
0.022500 0.000000 
0.027500 0.000000 
0.032500 0.000000 
0.037500 0.000000 
0.042500 0.000000 
0.047500 0.000000 
0.052500 0.000000 
0.057500 0.000000 
0.062500 0.000000 
0.067500 0.000000 
0.072500 0.000000 
0.077500 0.000000 
0.082500 0.000000 
0.087500 0.000000 
0.092500 0.000000 
0.097500 0.000000 
0.102500 0.000000 
0.107500 0.000000 
0.112500 0.000000 
0.117500 0.000000 
0.122500 0.000000 
0.127500 0.000000 
0.132500 0.000000 
0.137500 0.000000 
0.142500 0.000000 
0.147500 0.000000 
0.152500 0.000000 
0.157500 0.000000 
0.162500 0.000000 
0.167500 0.000000 
0.172500 0.000000 
0.177500 0.000000 
0.182500 0.000000 
0.187500 0.000000 
0.192500 0.000000 
0.197500 0.000000 
0.202500 0.000000 
0.207500 0.000000 
0.212500 0.000000 
0.217500 0.000000 
0.222500 0.000001 
0.227500 0.000001 
0.232500 0.000001 
0.237500 0.000002 
0.242500 0.000003 
0.247500 0.000005 
0.252500 0.000008 
0.257500 0.000012 
0.262500 0.000017 
0.267500 0.000025 
0.272500 0.000037 
0.277500 0.000053 
0.282500 0.000076 
0.287500 0.000108 
0.292500 0.000152 
0.297500 0.000213 
0.302500 0.000295 
0.307500 0.000407 
0.312500 0.000557 
0.317500 0.000756 
0.322500 0.001020 
0.327500 0.001365 
0.332500 0.001814 
0.337500 0.002392 
0.342500 0.003132 
0.347500 0.004072 
0.352500 0.005255 
0.357500 0.006734 
0.362500 0.008568 
0.367500 0.010825 
0.372500 0.013579 
0.377500 0.016915 
0.382500 0.020923 
0.387500 0.025702 
0.392500 0.031356 
0.397500 0.037991 
0.402500 0.045716 
0.407500 0.054641 
0.412500 0.064869 
0.417500 0.076497 
0.422500 0.089610 
0.427500 0.104280 
0.432500 0.120556 
0.437500 0.138467 
0.442500 0.158012 
0.447500 0.179161 
0.452500 0.201846 
0.457500 0.225967 
0.462500 0.251383 
0.467500 0.277916 
0.472500 0.305347 
0.477500 0.333426 
0.482500 0.361864 
0.487500 0.390347 
0.492500 0.418535 
0.497500 0.446073 
0.502500 0.472592 
0.507500 0.497725 
0.512500 0.521108 
0.517500 0.542392 
0.522500 0.561252 
0.527500 0.577393 
0.532500 0.590558 
0.537500 0.600535 
0.542500 0.607163 
0.547500 0.610335 
0.552500 0.610001 
0.557500 0.606171 
0.562500 0.598911 
0.567500 0.588345 
0.572500 0.574649 
0.577500 0.558049 
0.582500 0.538810 
0.587500 0.517237 
0.592500 0.493660 
0.597500 0.468429 
0.602500 0.441906 
0.607500 0.414457 
0.612500 0.386440 
0.617500 0.358203 
0.622500 0.330075 
0.627500 0.302357 
0.632500 0.275324 
0.637500 0.249214 
0.642500 0.224231 
0.647500 0.200541 
0.652500 0.178273 
0.657500 0.157518 
0.662500 0.138334 
0.667500 0.120746 
0.672500 0.104748 
0.677500 0.090313 
0.682500 0.077387 
0.687500 0.065901 
0.692500 0.055771 
0.697500 0.046906 
0.702500 0.039203 
0.707500 0.032561 
0.712500 0.026874 
0.717500 0.022041 
0.722500 0.017964 
0.727500 0.014548 
0.732500 0.011708 
0.737500 0.009362 
0.742500 0.007439 
0.747500 0.005873 
0.752500 0.004608 
0.757500 0.003592 
0.762500 0.002782 
0.767500 0.002141 
0.772500 0.001637 
0.777500 0.001244 
0.782500 0.000939 
0.787500 0.000704 
0.792500 0.000525 
0.797500 0.000389 
0.802500 0.000286 
0.807500 0.000209 
0.812500 0.000152 
0.817500 0.000110 
0.822500 0.000079 
0.827500 0.000056 
0.832500 0.000040 
0.837500 0.000028 
0.842500 0.000020 
0.847500 0.000014 
0.852500 0.000009 
0.857500 0.000006 
0.862500 0.000004 
0.867500 0.000003 
0.872500 0.000002 
0.877500 0.000001 
0.882500 0.000001 
0.887500 0.000001 
0.892500 0.000000 
0.897500 0.000000 
0.902500 0.000000 
0.907500 0.000000 
0.912500 0.000000 
0.917500 0.000000 
0.922500 0.000000 
0.927500 0.000000 
0.932500 0.000000 
0.937500 0.000000 
0.942500 0.000000 
0.947500 0.000000 
0.952500 0.000000 
0.957500 0.000000 
0.962500 0.000000 
0.967500 0.000000 
0.972500 0.000000 
0.977500 0.000000 
0.982500 0.000000 
0.987500 0.000000 
0.992500 0.000000 
0.997500 0.000000 
