0.002500 0.000000 
0.007500 0.000000 
0.012500 0.000000 
0.017500 0.000000 
0.022500 0.000000 
0.027500 0.000000 
0.032500 0.000000 
0.037500 0.000000 
0.042500 0.000000 
0.047500 0.000000 
0.052500 0.000000 
0.057500 0.000000 
0.062500 0.000000 
0.067500 0.000000 
0.072500 0.000000 
0.077500 0.000000 
0.082500 0.000000 
0.087500 0.000000 
0.092500 0.000000 
0.097500 0.000000 
0.102500 0.000000 
0.107500 0.000000 
0.112500 0.000000 
0.117500 0.000000 
0.122500 0.000000 
0.127500 0.000000 
0.132500 0.000000 
0.137500 0.000000 
0.142500 0.000000 
0.147500 0.000000 
0.152500 0.000000 
0.157500 0.000000 
0.162500 0.000000 
0.167500 0.000000 
0.172500 0.000000 
0.177500 0.000000 
0.182500 0.000000 
0.187500 0.000000 
0.192500 0.000000 
0.197500 0.000000 
0.202500 0.000000 
0.207500 0.000000 
0.212500 0.000000 
0.217500 0.000000 
0.222500 0.000000 
0.227500 0.000000 
0.232500 0.000000 
0.237500 0.000000 
0.242500 0.000000 
0.247500 0.000000 
0.252500 0.000000 
0.257500 0.000000 
0.262500 0.000000 
0.267500 0.000000 
0.272500 0.000000 
0.277500 0.000000 
0.282500 0.000000 
0.287500 0.000000 
0.292500 0.000000 
0.297500 0.000000 
0.302500 0.000000 
0.307500 0.000000 
0.312500 0.000001 
0.317500 0.000001 
0.322500 0.000001 
0.327500 0.000002 
0.332500 0.000003 
0.337500 0.000004 
0.342500 0.000006 
0.347500 0.000008 
0.352500 0.000011 
0.357500 0.000016 
0.362500 0.000022 
0.367500 0.000031 
0.372500 0.000042 
0.377500 0.000058 
0.382500 0.000079 
0.387500 0.000107 
0.392500 0.000144 
0.397500 0.000193 
0.402500 0.000257 
0.407500 0.000340 
0.412500 0.000448 
0.417500 0.000586 
0.422500 0.000763 
0.427500 0.000987 
0.432500 0.001271 
0.437500 0.001628 
0.442500 0.002073 
0.447500 0.002626 
0.452500 0.003308 
0.457500 0.004144 
0.462500 0.005165 
0.467500 0.006402 
0.472500 0.007894 
0.477500 0.009681 
0.482500 0.011810 
0.487500 0.014331 
0.492500 0.017298 
0.497500 0.020771 
0.502500 0.024811 
0.507500 0.029482 
0.512500 0.034851 
0.517500 0.040986 
0.522500 0.047953 
0.527500 0.055818 
0.532500 0.064641 
0.537500 0.074480 
0.542500 0.085383 
0.547500 0.097389 
0.552500 0.110528 
0.557500 0.124814 
0.562500 0.140248 
0.567500 0.156810 
0.572500 0.174466 
0.577500 0.193159 
0.582500 0.212812 
0.587500 0.233325 
0.592500 0.254578 
0.597500 0.276428 
0.602500 0.298713 
0.607500 0.321252 
0.612500 0.343846 
0.617500 0.366282 
0.622500 0.388338 
0.627500 0.409782 
0.632500 0.430378 
0.637500 0.449893 
0.642500 0.468097 
0.647500 0.484769 
0.652500 0.499704 
0.657500 0.512711 
0.662500 0.523623 
0.667500 0.532300 
0.672500 0.538626 
0.677500 0.542520 
0.682500 0.543930 
0.687500 0.542839 
0.692500 0.539266 
0.697500 0.533260 
0.702500 0.524903 
0.707500 0.514309 
0.712500 0.501620 
0.717500 0.487001 
0.722500 0.470640 
0.727500 0.452741 
0.732500 0.433523 
0.737500 0.413212 
0.742500 0.392040 
0.747500 0.370240 
0.752500 0.348039 
0.757500 0.325658 
0.762500 0.303306 
0.767500 0.281180 
0.772500 0.259457 
0.777500 0.238299 
0.782500 0.217848 
0.787500 0.198222 
0.792500 0.179520 
0.797500 0.161822 
0.802500 0.145184 
0.807500 0.129644 
0.812500 0.115222 
0.817500 0.101921 
0.822500 0.089729 
0.827500 0.078622 
0.832500 0.068562 
0.837500 0.059506 
0.842500 0.051400 
0.847500 0.044186 
0.852500 0.037803 
0.857500 0.032188 
0.862500 0.027275 
0.867500 0.023002 
0.872500 0.019304 
0.877500 0.016123 
0.882500 0.013402 
0.887500 0.011086 
0.892500 0.009126 
0.897500 0.007476 
0.902500 0.006095 
0.907500 0.004945 
0.912500 0.003992 
0.917500 0.003208 
0.922500 0.002565 
0.927500 0.002041 
0.932500 0.001616 
0.937500 0.001273 
0.942500 0.000999 
0.947500 0.000779 
0.952500 0.000605 
0.957500 0.000468 
0.962500 0.000360 
0.967500 0.000275 
0.972500 0.000210 
0.977500 0.000159 
0.982500 0.000120 
0.987500 0.000090 
0.992500 0.000068 
0.997500 0.000053 
