0.002500 0.000000 
0.007500 0.000000 
0.012500 0.000000 
0.017500 0.000000 
0.022500 0.000000 
0.027500 0.000000 
0.032500 0.000000 
0.037500 0.000000 
0.042500 0.000000 
0.047500 0.000000 
0.052500 0.000000 
0.057500 0.000000 
0.062500 0.000000 
0.067500 0.000000 
0.072500 0.000000 
0.077500 0.000000 
0.082500 0.000000 
0.087500 0.000000 
0.092500 0.000000 
0.097500 0.000000 
0.102500 0.000000 
0.107500 0.000000 
0.112500 0.000000 
0.117500 0.000000 
0.122500 0.000000 
0.127500 0.000000 
0.132500 0.000000 
0.137500 0.000000 
0.142500 0.000000 
0.147500 0.000000 
0.152500 0.000000 
0.157500 0.000000 
0.162500 0.000000 
0.167500 0.000000 
0.172500 0.000000 
0.177500 0.000000 
0.182500 0.000000 
0.187500 0.000000 
0.192500 0.000000 
0.197500 0.000000 
0.202500 0.000000 
0.207500 0.000000 
0.212500 0.000000 
0.217500 0.000000 
0.222500 0.000000 
0.227500 0.000000 
0.232500 0.000000 
0.237500 0.000000 
0.242500 0.000000 
0.247500 0.000000 
0.252500 0.000000 
0.257500 0.000000 
0.262500 0.000000 
0.267500 0.000000 
0.272500 0.000000 
0.277500 0.000000 
0.282500 0.000000 
0.287500 0.000000 
0.292500 0.000000 
0.297500 0.000000 
0.302500 0.000000 
0.307500 0.000000 
0.312500 0.000000 
0.317500 0.000000 
0.322500 0.000000 
0.327500 0.000000 
0.332500 0.000000 
0.337500 0.000000 
0.342500 0.000000 
0.347500 0.000000 
0.352500 0.000000 
0.357500 0.000000 
0.362500 0.000000 
0.367500 0.000000 
0.372500 0.000000 
0.377500 0.000000 
0.382500 0.000000 
0.387500 0.000000 
0.392500 0.000000 
0.397500 0.000000 
0.402500 0.000000 
0.407500 0.000000 
0.412500 0.000000 
0.417500 0.000000 
0.422500 0.000000 
0.427500 0.000000 
0.432500 0.000000 
0.437500 0.000000 
0.442500 0.000000 
0.447500 0.000000 
0.452500 0.000000 
0.457500 0.000000 
0.462500 0.000000 
0.467500 0.000000 
0.472500 0.000000 
0.477500 0.000000 
0.482500 0.000000 
0.487500 0.000001 
0.492500 0.000001 
0.497500 0.000001 
0.502500 0.000001 
0.507500 0.000002 
0.512500 0.000003 
0.517500 0.000004 
0.522500 0.000005 
0.527500 0.000006 
0.532500 0.000008 
0.537500 0.000011 
0.542500 0.000015 
0.547500 0.000019 
0.552500 0.000025 
0.557500 0.000033 
0.562500 0.000043 
0.567500 0.000056 
0.572500 0.000072 
0.577500 0.000093 
0.582500 0.000119 
0.587500 0.000151 
0.592500 0.000192 
0.597500 0.000244 
0.602500 0.000307 
0.607500 0.000386 
0.612500 0.000484 
0.617500 0.000603 
0.622500 0.000750 
0.627500 0.000928 
0.632500 0.001145 
0.637500 0.001406 
0.642500 0.001722 
0.647500 0.002099 
0.652500 0.002551 
0.657500 0.003088 
0.662500 0.003724 
0.667500 0.004475 
0.672500 0.005357 
0.677500 0.006389 
0.682500 0.007592 
0.687500 0.008989 
0.692500 0.010604 
0.697500 0.012463 
0.702500 0.014595 
0.707500 0.017030 
0.712500 0.019798 
0.717500 0.022934 
0.722500 0.026469 
0.727500 0.030441 
0.732500 0.034882 
0.737500 0.039827 
0.742500 0.045312 
0.747500 0.051367 
0.752500 0.058024 
0.757500 0.065312 
0.762500 0.073254 
0.767500 0.081872 
0.772500 0.091180 
0.777500 0.101189 
0.782500 0.111903 
0.787500 0.123318 
0.792500 0.135422 
0.797500 0.148195 
0.802500 0.161608 
0.807500 0.175623 
0.812500 0.190193 
0.817500 0.205258 
0.822500 0.220753 
0.827500 0.236599 
0.832500 0.252711 
0.837500 0.268994 
0.842500 0.285346 
0.847500 0.301657 
0.852500 0.317813 
0.857500 0.333693 
0.862500 0.349175 
0.867500 0.364135 
0.872500 0.378449 
0.877500 0.391995 
0.882500 0.404652 
0.887500 0.416309 
0.892500 0.426858 
0.897500 0.436201 
0.902500 0.444249 
0.907500 0.450927 
0.912500 0.456168 
0.917500 0.459924 
0.922500 0.462158 
0.927500 0.462848 
0.932500 0.461990 
0.937500 0.459592 
0.942500 0.455679 
0.947500 0.450292 
0.952500 0.443484 
0.957500 0.435322 
0.962500 0.425887 
0.967500 0.415269 
0.972500 0.403573 
0.977500 0.390922 
0.982500 0.377485 
0.987500 0.363575 
0.992500 0.349985 
0.997500 0.339159 
