0.002500 0.000000 
0.007500 0.000000 
0.012500 0.000000 
0.017500 0.000000 
0.022500 0.000000 
0.027500 0.000000 
0.032500 0.000000 
0.037500 0.000000 
0.042500 0.000000 
0.047500 0.000000 
0.052500 0.000000 
0.057500 0.000000 
0.062500 0.000000 
0.067500 0.000000 
0.072500 0.000000 
0.077500 0.000000 
0.082500 0.000000 
0.087500 0.000000 
0.092500 0.000000 
0.097500 0.000000 
0.102500 0.000000 
0.107500 0.000000 
0.112500 0.000000 
0.117500 0.000000 
0.122500 0.000000 
0.127500 0.000000 
0.132500 0.000000 
0.137500 0.000000 
0.142500 0.000000 
0.147500 0.000000 
0.152500 0.000000 
0.157500 0.000000 
0.162500 0.000000 
0.167500 0.000000 
0.172500 0.000000 
0.177500 0.000000 
0.182500 0.000000 
0.187500 0.000000 
0.192500 0.000000 
0.197500 0.000000 
0.202500 0.000000 
0.207500 0.000000 
0.212500 0.000000 
0.217500 0.000000 
0.222500 0.000000 
0.227500 0.000000 
0.232500 0.000000 
0.237500 0.000000 
0.242500 0.000000 
0.247500 0.000000 
0.252500 0.000000 
0.257500 0.000000 
0.262500 0.000000 
0.267500 0.000000 
0.272500 0.000000 
0.277500 0.000000 
0.282500 0.000000 
0.287500 0.000000 
0.292500 0.000000 
0.297500 0.000000 
0.302500 0.000000 
0.307500 0.000000 
0.312500 0.000000 
0.317500 0.000000 
0.322500 0.000000 
0.327500 0.000000 
0.332500 0.000000 
0.337500 0.000000 
0.342500 0.000000 
0.347500 0.000000 
0.352500 0.000000 
0.357500 0.000000 
0.362500 0.000000 
0.367500 0.000000 
0.372500 0.000000 
0.377500 0.000000 
0.382500 0.000000 
0.387500 0.000000 
0.392500 0.000000 
0.397500 0.000000 
0.402500 0.000000 
0.407500 0.000000 
0.412500 0.000000 
0.417500 0.000000 
0.422500 0.000000 
0.427500 0.000000 
0.432500 0.000000 
0.437500 0.000000 
0.442500 0.000000 
0.447500 0.000000 
0.452500 0.000000 
0.457500 0.000000 
0.462500 0.000000 
0.467500 0.000000 
0.472500 0.000001 
0.477500 0.000001 
0.482500 0.000001 
0.487500 0.000002 
0.492500 0.000002 
0.497500 0.000003 
0.502500 0.000004 
0.507500 0.000005 
0.512500 0.000007 
0.517500 0.000010 
0.522500 0.000013 
0.527500 0.000017 
0.532500 0.000022 
0.537500 0.000029 
0.542500 0.000038 
0.547500 0.000050 
0.552500 0.000064 
0.557500 0.000083 
0.562500 0.000107 
0.567500 0.000137 
0.572500 0.000175 
0.577500 0.000223 
0.582500 0.000283 
0.587500 0.000357 
0.592500 0.000449 
0.597500 0.000563 
0.602500 0.000703 
0.607500 0.000874 
0.612500 0.001083 
0.617500 0.001336 
0.622500 0.001641 
0.627500 0.002010 
0.632500 0.002451 
0.637500 0.002978 
0.642500 0.003604 
0.647500 0.004345 
0.652500 0.005219 
0.657500 0.006244 
0.662500 0.007443 
0.667500 0.008839 
0.672500 0.010457 
0.677500 0.012325 
0.682500 0.014472 
0.687500 0.016929 
0.692500 0.019730 
0.697500 0.022908 
0.702500 0.026500 
0.707500 0.030542 
0.712500 0.035069 
0.717500 0.040120 
0.722500 0.045729 
0.727500 0.051931 
0.732500 0.058759 
0.737500 0.066241 
0.742500 0.074404 
0.747500 0.083270 
0.752500 0.092855 
0.757500 0.103168 
0.762500 0.114213 
0.767500 0.125986 
0.772500 0.138474 
0.777500 0.151654 
0.782500 0.165495 
0.787500 0.179955 
0.792500 0.194983 
0.797500 0.210516 
0.802500 0.226482 
0.807500 0.242797 
0.812500 0.259369 
0.817500 0.276098 
0.822500 0.292872 
0.827500 0.309577 
0.832500 0.326089 
0.837500 0.342283 
0.842500 0.358027 
0.847500 0.373192 
0.852500 0.387648 
0.857500 0.401265 
0.862500 0.413923 
0.867500 0.425502 
0.872500 0.435893 
0.877500 0.444997 
0.882500 0.452725 
0.887500 0.459002 
0.892500 0.463765 
0.897500 0.466967 
0.902500 0.468577 
0.907500 0.468579 
0.912500 0.466976 
0.917500 0.463783 
0.922500 0.459035 
0.927500 0.452781 
0.932500 0.445085 
0.937500 0.436023 
0.942500 0.425686 
0.947500 0.414174 
0.952500 0.401596 
0.957500 0.388069 
0.962500 0.373717 
0.967500 0.358668 
0.972500 0.343054 
0.977500 0.327020 
0.982500 0.310744 
0.987500 0.294539 
0.992500 0.279199 
0.997500 0.267235 
