0.002500 0.000000 
0.007500 0.000000 
0.012500 0.000000 
0.017500 0.000000 
0.022500 0.000000 
0.027500 0.000000 
0.032500 0.000000 
0.037500 0.000000 
0.042500 0.000000 
0.047500 0.000000 
0.052500 0.000000 
0.057500 0.000000 
0.062500 0.000000 
0.067500 0.000000 
0.072500 0.000000 
0.077500 0.000000 
0.082500 0.000000 
0.087500 0.000000 
0.092500 0.000000 
0.097500 0.000000 
0.102500 0.000000 
0.107500 0.000000 
0.112500 0.000000 
0.117500 0.000000 
0.122500 0.000000 
0.127500 0.000000 
0.132500 0.000000 
0.137500 0.000000 
0.142500 0.000000 
0.147500 0.000000 
0.152500 0.000000 
0.157500 0.000000 
0.162500 0.000000 
0.167500 0.000000 
0.172500 0.000000 
0.177500 0.000000 
0.182500 0.000000 
0.187500 0.000000 
0.192500 0.000000 
0.197500 0.000000 
0.202500 0.000000 
0.207500 0.000000 
0.212500 0.000000 
0.217500 0.000000 
0.222500 0.000000 
0.227500 0.000000 
0.232500 0.000000 
0.237500 0.000000 
0.242500 0.000000 
0.247500 0.000000 
0.252500 0.000000 
0.257500 0.000000 
0.262500 0.000000 
0.267500 0.000000 
0.272500 0.000000 
0.277500 0.000000 
0.282500 0.000000 
0.287500 0.000000 
0.292500 0.000000 
0.297500 0.000000 
0.302500 0.000000 
0.307500 0.000000 
0.312500 0.000000 
0.317500 0.000000 
0.322500 0.000000 
0.327500 0.000001 
0.332500 0.000001 
0.337500 0.000001 
0.342500 0.000002 
0.347500 0.000003 
0.352500 0.000004 
0.357500 0.000005 
0.362500 0.000007 
0.367500 0.000010 
0.372500 0.000015 
0.377500 0.000020 
0.382500 0.000028 
0.387500 0.000038 
0.392500 0.000052 
0.397500 0.000070 
0.402500 0.000095 
0.407500 0.000127 
0.412500 0.000169 
0.417500 0.000224 
0.422500 0.000296 
0.427500 0.000389 
0.432500 0.000507 
0.437500 0.000659 
0.442500 0.000851 
0.447500 0.001094 
0.452500 0.001398 
0.457500 0.001777 
0.462500 0.002248 
0.467500 0.002828 
0.472500 0.003540 
0.477500 0.004408 
0.482500 0.005460 
0.487500 0.006730 
0.492500 0.008251 
0.497500 0.010066 
0.502500 0.012216 
0.507500 0.014751 
0.512500 0.017723 
0.517500 0.021185 
0.522500 0.025198 
0.527500 0.029820 
0.532500 0.035115 
0.537500 0.041144 
0.542500 0.047972 
0.547500 0.055657 
0.552500 0.064257 
0.557500 0.073824 
0.562500 0.084403 
0.567500 0.096031 
0.572500 0.108735 
0.577500 0.122528 
0.582500 0.137410 
0.587500 0.153366 
0.592500 0.170364 
0.597500 0.188351 
0.602500 0.207257 
0.607500 0.226991 
0.612500 0.247445 
0.617500 0.268486 
0.622500 0.289966 
0.627500 0.311719 
0.632500 0.333562 
0.637500 0.355299 
0.642500 0.376722 
0.647500 0.397617 
0.652500 0.417764 
0.657500 0.436944 
0.662500 0.454941 
0.667500 0.471544 
0.672500 0.486556 
0.677500 0.499794 
0.682500 0.511094 
0.687500 0.520314 
0.692500 0.527339 
0.697500 0.532077 
0.702500 0.534470 
0.707500 0.534487 
0.712500 0.532132 
0.717500 0.527436 
0.722500 0.520464 
0.727500 0.511306 
0.732500 0.500083 
0.737500 0.486938 
0.742500 0.472036 
0.747500 0.455561 
0.752500 0.437709 
0.757500 0.418689 
0.762500 0.398715 
0.767500 0.378005 
0.772500 0.356774 
0.777500 0.335235 
0.782500 0.313589 
0.787500 0.292030 
0.792500 0.270736 
0.797500 0.249869 
0.802500 0.229574 
0.807500 0.209980 
0.812500 0.191192 
0.817500 0.173300 
0.822500 0.156373 
0.827500 0.140460 
0.832500 0.125594 
0.837500 0.111792 
0.842500 0.099053 
0.847500 0.087366 
0.852500 0.076706 
0.857500 0.067039 
0.862500 0.058322 
0.867500 0.050506 
0.872500 0.043536 
0.877500 0.037356 
0.882500 0.031905 
0.887500 0.027124 
0.892500 0.022953 
0.897500 0.019333 
0.902500 0.016209 
0.907500 0.013527 
0.912500 0.011236 
0.917500 0.009290 
0.922500 0.007645 
0.927500 0.006262 
0.932500 0.005106 
0.937500 0.004143 
0.942500 0.003347 
0.947500 0.002690 
0.952500 0.002153 
0.957500 0.001715 
0.962500 0.001359 
0.967500 0.001073 
0.972500 0.000842 
0.977500 0.000658 
0.982500 0.000512 
0.987500 0.000397 
0.992500 0.000309 
0.997500 0.000250 
