0.002500 0.000000 
0.007500 0.000000 
0.012500 0.000000 
0.017500 0.000000 
0.022500 0.000000 
0.027500 0.000000 
0.032500 0.000000 
0.037500 0.000000 
0.042500 0.000000 
0.047500 0.000000 
0.052500 0.000000 
0.057500 0.000000 
0.062500 0.000000 
0.067500 0.000000 
0.072500 0.000000 
0.077500 0.000000 
0.082500 0.000000 
0.087500 0.000000 
0.092500 0.000000 
0.097500 0.000000 
0.102500 0.000000 
0.107500 0.000000 
0.112500 0.000000 
0.117500 0.000000 
0.122500 0.000000 
0.127500 0.000000 
0.132500 0.000000 
0.137500 0.000000 
0.142500 0.000000 
0.147500 0.000000 
0.152500 0.000000 
0.157500 0.000000 
0.162500 0.000000 
0.167500 0.000000 
0.172500 0.000000 
0.177500 0.000000 
0.182500 0.000000 
0.187500 0.000000 
0.192500 0.000000 
0.197500 0.000000 
0.202500 0.000000 
0.207500 0.000000 
0.212500 0.000000 
0.217500 0.000000 
0.222500 0.000000 
0.227500 0.000000 
0.232500 0.000000 
0.237500 0.000000 
0.242500 0.000000 
0.247500 0.000000 
0.252500 0.000000 
0.257500 0.000000 
0.262500 0.000000 
0.267500 0.000000 
0.272500 0.000000 
0.277500 0.000000 
0.282500 0.000000 
0.287500 0.000000 
0.292500 0.000000 
0.297500 0.000000 
0.302500 0.000000 
0.307500 0.000000 
0.312500 0.000000 
0.317500 0.000000 
0.322500 0.000000 
0.327500 0.000000 
0.332500 0.000000 
0.337500 0.000000 
0.342500 0.000001 
0.347500 0.000001 
0.352500 0.000001 
0.357500 0.000002 
0.362500 0.000002 
0.367500 0.000003 
0.372500 0.000005 
0.377500 0.000007 
0.382500 0.000009 
0.387500 0.000013 
0.392500 0.000018 
0.397500 0.000025 
0.402500 0.000034 
0.407500 0.000046 
0.412500 0.000062 
0.417500 0.000083 
0.422500 0.000111 
0.427500 0.000148 
0.432500 0.000196 
0.437500 0.000258 
0.442500 0.000337 
0.447500 0.000439 
0.452500 0.000569 
0.457500 0.000734 
0.462500 0.000941 
0.467500 0.001200 
0.472500 0.001524 
0.477500 0.001925 
0.482500 0.002419 
0.487500 0.003025 
0.492500 0.003764 
0.497500 0.004660 
0.502500 0.005741 
0.507500 0.007038 
0.512500 0.008585 
0.517500 0.010421 
0.522500 0.012587 
0.527500 0.015131 
0.532500 0.018099 
0.537500 0.021546 
0.542500 0.025524 
0.547500 0.030093 
0.552500 0.035309 
0.557500 0.041231 
0.562500 0.047918 
0.567500 0.055426 
0.572500 0.063807 
0.577500 0.073111 
0.582500 0.083379 
0.587500 0.094645 
0.592500 0.106934 
0.597500 0.120259 
0.602500 0.134621 
0.607500 0.150006 
0.612500 0.166383 
0.617500 0.183707 
0.622500 0.201912 
0.627500 0.220917 
0.632500 0.240619 
0.637500 0.260901 
0.642500 0.281624 
0.647500 0.302636 
0.652500 0.323769 
0.657500 0.344840 
0.662500 0.365657 
0.667500 0.386022 
0.672500 0.405728 
0.677500 0.424570 
0.682500 0.442344 
0.687500 0.458850 
0.692500 0.473900 
0.697500 0.487317 
0.702500 0.498941 
0.707500 0.508631 
0.712500 0.516268 
0.717500 0.521758 
0.722500 0.525034 
0.727500 0.526056 
0.732500 0.524813 
0.737500 0.521322 
0.742500 0.515631 
0.747500 0.507811 
0.752500 0.497964 
0.757500 0.486212 
0.762500 0.472699 
0.767500 0.457589 
0.772500 0.441060 
0.777500 0.423301 
0.782500 0.404510 
0.787500 0.384890 
0.792500 0.364646 
0.797500 0.343977 
0.802500 0.323079 
0.807500 0.302141 
0.812500 0.281337 
0.817500 0.260832 
0.822500 0.240773 
0.827500 0.221292 
0.832500 0.202502 
0.837500 0.184502 
0.842500 0.167368 
0.847500 0.151162 
0.852500 0.135929 
0.857500 0.121695 
0.862500 0.108474 
0.867500 0.096265 
0.872500 0.085054 
0.877500 0.074817 
0.882500 0.065522 
0.887500 0.057129 
0.892500 0.049590 
0.897500 0.042855 
0.902500 0.036871 
0.907500 0.031581 
0.912500 0.026930 
0.917500 0.022862 
0.922500 0.019322 
0.927500 0.016257 
0.932500 0.013617 
0.937500 0.011355 
0.942500 0.009426 
0.947500 0.007790 
0.952500 0.006409 
0.957500 0.005249 
0.962500 0.004280 
0.967500 0.003474 
0.972500 0.002807 
0.977500 0.002258 
0.982500 0.001809 
0.987500 0.001444 
0.992500 0.001157 
0.997500 0.000961 
