0.002500 0.000000 
0.007500 0.000000 
0.012500 0.000000 
0.017500 0.000000 
0.022500 0.000000 
0.027500 0.000000 
0.032500 0.000000 
0.037500 0.000000 
0.042500 0.000000 
0.047500 0.000000 
0.052500 0.000000 
0.057500 0.000000 
0.062500 0.000000 
0.067500 0.000000 
0.072500 0.000000 
0.077500 0.000000 
0.082500 0.000000 
0.087500 0.000000 
0.092500 0.000000 
0.097500 0.000000 
0.102500 0.000000 
0.107500 0.000000 
0.112500 0.000000 
0.117500 0.000000 
0.122500 0.000000 
0.127500 0.000000 
0.132500 0.000000 
0.137500 0.000000 
0.142500 0.000000 
0.147500 0.000000 
0.152500 0.000000 
0.157500 0.000000 
0.162500 0.000000 
0.167500 0.000000 
0.172500 0.000000 
0.177500 0.000000 
0.182500 0.000000 
0.187500 0.000000 
0.192500 0.000000 
0.197500 0.000000 
0.202500 0.000000 
0.207500 0.000000 
0.212500 0.000000 
0.217500 0.000000 
0.222500 0.000000 
0.227500 0.000000 
0.232500 0.000000 
0.237500 0.000000 
0.242500 0.000000 
0.247500 0.000000 
0.252500 0.000000 
0.257500 0.000000 
0.262500 0.000000 
0.267500 0.000001 
0.272500 0.000001 
0.277500 0.000002 
0.282500 0.000002 
0.287500 0.000003 
0.292500 0.000005 
0.297500 0.000007 
0.302500 0.000010 
0.307500 0.000015 
0.312500 0.000021 
0.317500 0.000029 
0.322500 0.000041 
0.327500 0.000058 
0.332500 0.000081 
0.337500 0.000112 
0.342500 0.000153 
0.347500 0.000209 
0.352500 0.000283 
0.357500 0.000382 
0.362500 0.000511 
0.367500 0.000680 
0.372500 0.000898 
0.377500 0.001179 
0.382500 0.001539 
0.387500 0.001996 
0.392500 0.002573 
0.397500 0.003296 
0.402500 0.004196 
0.407500 0.005309 
0.412500 0.006676 
0.417500 0.008344 
0.422500 0.010365 
0.427500 0.012798 
0.432500 0.015707 
0.437500 0.019162 
0.442500 0.023238 
0.447500 0.028013 
0.452500 0.033570 
0.457500 0.039994 
0.462500 0.047367 
0.467500 0.055773 
0.472500 0.065291 
0.477500 0.075993 
0.482500 0.087943 
0.487500 0.101192 
0.492500 0.115777 
0.497500 0.131717 
0.502500 0.149012 
0.507500 0.167637 
0.512500 0.187545 
0.517500 0.208660 
0.522500 0.230878 
0.527500 0.254068 
0.532500 0.278070 
0.537500 0.302696 
0.542500 0.327733 
0.547500 0.352944 
0.552500 0.378072 
0.557500 0.402845 
0.562500 0.426978 
0.567500 0.450181 
0.572500 0.472163 
0.577500 0.492638 
0.582500 0.511334 
0.587500 0.527994 
0.592500 0.542383 
0.597500 0.554298 
0.602500 0.563566 
0.607500 0.570054 
0.612500 0.573667 
0.617500 0.574355 
0.622500 0.572108 
0.627500 0.566964 
0.632500 0.559003 
0.637500 0.548343 
0.642500 0.535144 
0.647500 0.519599 
0.652500 0.501929 
0.657500 0.482382 
0.662500 0.461224 
0.667500 0.438733 
0.672500 0.415196 
0.677500 0.390900 
0.682500 0.366129 
0.687500 0.341155 
0.692500 0.316239 
0.697500 0.291620 
0.702500 0.267519 
0.707500 0.244128 
0.712500 0.221617 
0.717500 0.200126 
0.722500 0.179769 
0.727500 0.160631 
0.732500 0.142771 
0.737500 0.126224 
0.742500 0.111001 
0.747500 0.097094 
0.752500 0.084475 
0.757500 0.073103 
0.762500 0.062922 
0.767500 0.053868 
0.772500 0.045867 
0.777500 0.038844 
0.782500 0.032718 
0.787500 0.027409 
0.792500 0.022836 
0.797500 0.018923 
0.802500 0.015594 
0.807500 0.012781 
0.812500 0.010419 
0.817500 0.008446 
0.822500 0.006809 
0.827500 0.005460 
0.832500 0.004353 
0.837500 0.003452 
0.842500 0.002723 
0.847500 0.002135 
0.852500 0.001665 
0.857500 0.001292 
0.862500 0.000996 
0.867500 0.000764 
0.872500 0.000583 
0.877500 0.000442 
0.882500 0.000334 
0.887500 0.000250 
0.892500 0.000187 
0.897500 0.000139 
0.902500 0.000102 
0.907500 0.000075 
0.912500 0.000055 
0.917500 0.000040 
0.922500 0.000029 
0.927500 0.000021 
0.932500 0.000015 
0.937500 0.000010 
0.942500 0.000007 
0.947500 0.000005 
0.952500 0.000004 
0.957500 0.000003 
0.962500 0.000002 
0.967500 0.000001 
0.972500 0.000001 
0.977500 0.000001 
0.982500 0.000000 
0.987500 0.000000 
0.992500 0.000000 
0.997500 0.000000 
