0.002500 0.000000 
0.007500 0.000000 
0.012500 0.000000 
0.017500 0.000000 
0.022500 0.000000 
0.027500 0.000000 
0.032500 0.000000 
0.037500 0.000000 
0.042500 0.000000 
0.047500 0.000000 
0.052500 0.000000 
0.057500 0.000000 
0.062500 0.000000 
0.067500 0.000000 
0.072500 0.000000 
0.077500 0.000000 
0.082500 0.000000 
0.087500 0.000000 
0.092500 0.000000 
0.097500 0.000000 
0.102500 0.000000 
0.107500 0.000000 
0.112500 0.000000 
0.117500 0.000000 
0.122500 0.000000 
0.127500 0.000000 
0.132500 0.000000 
0.137500 0.000000 
0.142500 0.000001 
0.147500 0.000001 
0.152500 0.000002 
0.157500 0.000004 
0.162500 0.000006 
0.167500 0.000010 
0.172500 0.000016 
0.177500 0.000026 
0.182500 0.000041 
0.187500 0.000064 
0.192500 0.000098 
0.197500 0.000150 
0.202500 0.000227 
0.207500 0.000338 
0.212500 0.000500 
0.217500 0.000730 
0.222500 0.001054 
0.227500 0.001506 
0.232500 0.002127 
0.237500 0.002972 
0.242500 0.004107 
0.247500 0.005614 
0.252500 0.007592 
0.257500 0.010156 
0.262500 0.013444 
0.267500 0.017608 
0.272500 0.022821 
0.277500 0.029270 
0.282500 0.037157 
0.287500 0.046689 
0.292500 0.058075 
0.297500 0.071517 
0.302500 0.087201 
0.307500 0.105286 
0.312500 0.125894 
0.317500 0.149100 
0.322500 0.174920 
0.327500 0.203305 
0.332500 0.234128 
0.337500 0.267186 
0.342500 0.302192 
0.347500 0.338781 
0.352500 0.376510 
0.357500 0.414870 
0.362500 0.453291 
0.367500 0.491165 
0.372500 0.527850 
0.377500 0.562698 
0.382500 0.595066 
0.387500 0.624341 
0.392500 0.649951 
0.397500 0.671387 
0.402500 0.688217 
0.407500 0.700098 
0.412500 0.706787 
0.417500 0.708148 
0.422500 0.704157 
0.427500 0.694901 
0.432500 0.680576 
0.437500 0.661483 
0.442500 0.638017 
0.447500 0.610654 
0.452500 0.579940 
0.457500 0.546470 
0.462500 0.510876 
0.467500 0.473801 
0.472500 0.435886 
0.477500 0.397750 
0.482500 0.359975 
0.487500 0.323088 
0.492500 0.287554 
0.497500 0.253766 
0.502500 0.222038 
0.507500 0.192605 
0.512500 0.165623 
0.517500 0.141174 
0.522500 0.119273 
0.527500 0.099875 
0.532500 0.082884 
0.537500 0.068165 
0.542500 0.055552 
0.547500 0.044862 
0.552500 0.035898 
0.557500 0.028462 
0.562500 0.022358 
0.567500 0.017401 
0.572500 0.013417 
0.577500 0.010250 
0.582500 0.007757 
0.587500 0.005816 
0.592500 0.004319 
0.597500 0.003178 
0.602500 0.002317 
0.607500 0.001673 
0.612500 0.001196 
0.617500 0.000848 
0.622500 0.000595 
0.627500 0.000414 
0.632500 0.000285 
0.637500 0.000194 
0.642500 0.000131 
0.647500 0.000088 
0.652500 0.000058 
0.657500 0.000038 
0.662500 0.000025 
0.667500 0.000016 
0.672500 0.000010 
0.677500 0.000007 
0.682500 0.000004 
0.687500 0.000003 
0.692500 0.000002 
0.697500 0.000001 
0.702500 0.000001 
0.707500 0.000000 
0.712500 0.000000 
0.717500 0.000000 
0.722500 0.000000 
0.727500 0.000000 
0.732500 0.000000 
0.737500 0.000000 
0.742500 0.000000 
0.747500 0.000000 
0.752500 0.000000 
0.757500 0.000000 
0.762500 0.000000 
0.767500 0.000000 
0.772500 0.000000 
0.777500 0.000000 
0.782500 0.000000 
0.787500 0.000000 
0.792500 0.000000 
0.797500 0.000000 
0.802500 0.000000 
0.807500 0.000000 
0.812500 0.000000 
0.817500 0.000000 
0.822500 0.000000 
0.827500 0.000000 
0.832500 0.000000 
0.837500 0.000000 
0.842500 0.000000 
0.847500 0.000000 
0.852500 0.000000 
0.857500 0.000000 
0.862500 0.000000 
0.867500 0.000000 
0.872500 0.000000 
0.877500 0.000000 
0.882500 0.000000 
0.887500 0.000000 
0.892500 0.000000 
0.897500 0.000000 
0.902500 0.000000 
0.907500 0.000000 
0.912500 0.000000 
0.917500 0.000000 
0.922500 0.000000 
0.927500 0.000000 
0.932500 0.000000 
0.937500 0.000000 
0.942500 0.000000 
0.947500 0.000000 
0.952500 0.000000 
0.957500 0.000000 
0.962500 0.000000 
0.967500 0.000000 
0.972500 0.000000 
0.977500 0.000000 
0.982500 0.000000 
0.987500 0.000000 
0.992500 0.000000 
0.997500 0.000000 
