0.002500 0.000000 
0.007500 0.000000 
0.012500 0.000000 
0.017500 0.000000 
0.022500 0.000000 
0.027500 0.000000 
0.032500 0.000000 
0.037500 0.000000 
0.042500 0.000000 
0.047500 0.000000 
0.052500 0.000000 
0.057500 0.000000 
0.062500 0.000000 
0.067500 0.000000 
0.072500 0.000000 
0.077500 0.000000 
0.082500 0.000000 
0.087500 0.000000 
0.092500 0.000000 
0.097500 0.000000 
0.102500 0.000000 
0.107500 0.000000 
0.112500 0.000000 
0.117500 0.000000 
0.122500 0.000000 
0.127500 0.000000 
0.132500 0.000000 
0.137500 0.000000 
0.142500 0.000000 
0.147500 0.000000 
0.152500 0.000001 
0.157500 0.000001 
0.162500 0.000002 
0.167500 0.000003 
0.172500 0.000004 
0.177500 0.000007 
0.182500 0.000011 
0.187500 0.000017 
0.192500 0.000027 
0.197500 0.000042 
0.202500 0.000065 
0.207500 0.000098 
0.212500 0.000147 
0.217500 0.000219 
0.222500 0.000322 
0.227500 0.000469 
0.232500 0.000677 
0.237500 0.000965 
0.242500 0.001363 
0.247500 0.001905 
0.252500 0.002635 
0.257500 0.003609 
0.262500 0.004893 
0.267500 0.006569 
0.272500 0.008732 
0.277500 0.011493 
0.282500 0.014979 
0.287500 0.019333 
0.292500 0.024714 
0.297500 0.031292 
0.302500 0.039245 
0.307500 0.048758 
0.312500 0.060014 
0.317500 0.073189 
0.322500 0.088443 
0.327500 0.105911 
0.332500 0.125697 
0.337500 0.147861 
0.342500 0.172416 
0.347500 0.199313 
0.352500 0.228442 
0.357500 0.259622 
0.362500 0.292604 
0.367500 0.327066 
0.372500 0.362623 
0.377500 0.398826 
0.382500 0.435173 
0.387500 0.471125 
0.392500 0.506109 
0.397500 0.539542 
0.402500 0.570841 
0.407500 0.599442 
0.412500 0.624814 
0.417500 0.646476 
0.422500 0.664010 
0.427500 0.677072 
0.432500 0.685407 
0.437500 0.688850 
0.442500 0.687336 
0.447500 0.680899 
0.452500 0.669674 
0.457500 0.653888 
0.462500 0.633859 
0.467500 0.609982 
0.472500 0.582719 
0.477500 0.552585 
0.482500 0.520132 
0.487500 0.485937 
0.492500 0.450578 
0.497500 0.414628 
0.502500 0.378630 
0.507500 0.343094 
0.512500 0.308477 
0.517500 0.275178 
0.522500 0.243534 
0.527500 0.213812 
0.532500 0.186210 
0.537500 0.160860 
0.542500 0.137829 
0.547500 0.117126 
0.552500 0.098712 
0.557500 0.082503 
0.562500 0.068379 
0.567500 0.056198 
0.572500 0.045797 
0.577500 0.037006 
0.582500 0.029648 
0.587500 0.023550 
0.592500 0.018546 
0.597500 0.014480 
0.602500 0.011209 
0.607500 0.008601 
0.612500 0.006543 
0.617500 0.004935 
0.622500 0.003689 
0.627500 0.002734 
0.632500 0.002009 
0.637500 0.001463 
0.642500 0.001056 
0.647500 0.000756 
0.652500 0.000536 
0.657500 0.000377 
0.662500 0.000263 
0.667500 0.000182 
0.672500 0.000125 
0.677500 0.000085 
0.682500 0.000057 
0.687500 0.000038 
0.692500 0.000025 
0.697500 0.000016 
0.702500 0.000011 
0.707500 0.000007 
0.712500 0.000004 
0.717500 0.000003 
0.722500 0.000002 
0.727500 0.000001 
0.732500 0.000001 
0.737500 0.000000 
0.742500 0.000000 
0.747500 0.000000 
0.752500 0.000000 
0.757500 0.000000 
0.762500 0.000000 
0.767500 0.000000 
0.772500 0.000000 
0.777500 0.000000 
0.782500 0.000000 
0.787500 0.000000 
0.792500 0.000000 
0.797500 0.000000 
0.802500 0.000000 
0.807500 0.000000 
0.812500 0.000000 
0.817500 0.000000 
0.822500 0.000000 
0.827500 0.000000 
0.832500 0.000000 
0.837500 0.000000 
0.842500 0.000000 
0.847500 0.000000 
0.852500 0.000000 
0.857500 0.000000 
0.862500 0.000000 
0.867500 0.000000 
0.872500 0.000000 
0.877500 0.000000 
0.882500 0.000000 
0.887500 0.000000 
0.892500 0.000000 
0.897500 0.000000 
0.902500 0.000000 
0.907500 0.000000 
0.912500 0.000000 
0.917500 0.000000 
0.922500 0.000000 
0.927500 0.000000 
0.932500 0.000000 
0.937500 0.000000 
0.942500 0.000000 
0.947500 0.000000 
0.952500 0.000000 
0.957500 0.000000 
0.962500 0.000000 
0.967500 0.000000 
0.972500 0.000000 
0.977500 0.000000 
0.982500 0.000000 
0.987500 0.000000 
0.992500 0.000000 
0.997500 0.000000 
