0.002500 0.000000 
0.007500 -0.000000 
0.012500 0.000000 
0.017500 -0.000000 
0.022500 0.000000 
0.027500 -0.000000 
0.032500 0.000000 
0.037500 0.000000 
0.042500 0.000000 
0.047500 0.000000 
0.052500 0.000000 
0.057500 0.000000 
0.062500 0.000000 
0.067500 0.000000 
0.072500 0.000000 
0.077500 0.000000 
0.082500 0.000000 
0.087500 0.000000 
0.092500 0.000000 
0.097500 0.000000 
0.102500 0.000000 
0.107500 0.000000 
0.112500 0.000000 
0.117500 0.000000 
0.122500 0.000001 
0.127500 0.000000 
0.132500 0.000002 
0.137500 0.000001 
0.142500 0.000006 
0.147500 0.000002 
0.152500 0.000018 
0.157500 0.000006 
0.162500 0.000050 
0.167500 0.000019 
0.172500 0.000128 
0.177500 0.000053 
0.182500 0.000315 
0.187500 0.000140 
0.192500 0.000738 
0.197500 0.000351 
0.202500 0.001648 
0.207500 0.000835 
0.212500 0.003500 
0.217500 0.001884 
0.222500 0.007078 
0.227500 0.004035 
0.232500 0.013621 
0.237500 0.008199 
0.242500 0.024942 
0.247500 0.015813 
0.252500 0.043454 
0.257500 0.028946 
0.262500 0.072028 
0.267500 0.050294 
0.272500 0.113597 
0.277500 0.082960 
0.282500 0.170501 
0.287500 0.129938 
0.292500 0.243645 
0.297500 0.193327 
0.302500 0.331685 
0.307500 0.273398 
0.312500 0.430548 
0.317500 0.367799 
0.322500 0.533519 
0.327500 0.471228 
0.332500 0.632032 
0.337500 0.575817 
0.342500 0.716973 
0.347500 0.672234 
0.352500 0.780163 
0.357500 0.751223 
0.362500 0.815575 
0.367500 0.805112 
0.372500 0.820017 
0.377500 0.828872 
0.382500 0.793274 
0.387500 0.820530 
0.392500 0.737878 
0.397500 0.781070 
0.402500 0.658754 
0.407500 0.714103 
0.412500 0.562799 
0.417500 0.625502 
0.422500 0.458294 
0.427500 0.522984 
0.432500 0.354007 
0.437500 0.415429 
0.442500 0.257991 
0.447500 0.311802 
0.452500 0.176346 
0.457500 0.219792 
0.462500 0.112345 
0.467500 0.144569 
0.472500 0.066257 
0.477500 0.088114 
0.482500 0.035909 
0.487500 0.049392 
0.492500 0.017739 
0.497500 0.025252 
0.502500 0.007913 
0.507500 0.011664 
0.512500 0.003153 
0.517500 0.004815 
0.522500 0.001108 
0.527500 0.001753 
0.532500 0.000338 
0.537500 0.000554 
0.542500 0.000087 
0.547500 0.000149 
0.552500 0.000019 
0.557500 0.000033 
0.562500 0.000003 
0.567500 0.000006 
0.572500 0.000000 
0.577500 0.000001 
0.582500 0.000000 
0.587500 0.000000 
0.592500 0.000000 
0.597500 0.000000 
0.602500 0.000000 
0.607500 0.000000 
0.612500 0.000000 
0.617500 0.000000 
0.622500 0.000000 
0.627500 0.000000 
0.632500 0.000000 
0.637500 0.000000 
0.642500 0.000000 
0.647500 0.000000 
0.652500 0.000000 
0.657500 0.000000 
0.662500 0.000000 
0.667500 0.000000 
0.672500 0.000000 
0.677500 0.000000 
0.682500 0.000000 
0.687500 0.000000 
0.692500 0.000000 
0.697500 0.000000 
0.702500 0.000000 
0.707500 0.000000 
0.712500 0.000000 
0.717500 0.000000 
0.722500 0.000000 
0.727500 0.000000 
0.732500 0.000000 
0.737500 0.000000 
0.742500 0.000000 
0.747500 0.000000 
0.752500 0.000000 
0.757500 0.000000 
0.762500 0.000000 
0.767500 0.000000 
0.772500 0.000000 
0.777500 0.000000 
0.782500 0.000000 
0.787500 0.000000 
0.792500 0.000000 
0.797500 0.000000 
0.802500 0.000000 
0.807500 0.000000 
0.812500 0.000000 
0.817500 0.000000 
0.822500 0.000000 
0.827500 0.000000 
0.832500 0.000000 
0.837500 0.000000 
0.842500 0.000000 
0.847500 0.000000 
0.852500 0.000000 
0.857500 0.000000 
0.862500 0.000000 
0.867500 0.000000 
0.872500 0.000000 
0.877500 0.000000 
0.882500 0.000000 
0.887500 0.000000 
0.892500 0.000000 
0.897500 0.000000 
0.902500 0.000000 
0.907500 0.000000 
0.912500 0.000000 
0.917500 0.000000 
0.922500 0.000000 
0.927500 0.000000 
0.932500 0.000000 
0.937500 0.000000 
0.942500 0.000000 
0.947500 0.000000 
0.952500 0.000000 
0.957500 0.000000 
0.962500 0.000000 
0.967500 0.000000 
0.972500 0.000000 
0.977500 0.000000 
0.982500 0.000000 
0.987500 0.000000 
0.992500 0.000000 
0.997500 0.000000 
