0.002500 0.000000 
0.007500 -0.000000 
0.012500 0.000000 
0.017500 -0.000000 
0.022500 0.000000 
0.027500 -0.000000 
0.032500 0.000000 
0.037500 -0.000000 
0.042500 0.000000 
0.047500 -0.000000 
0.052500 0.000000 
0.057500 -0.000000 
0.062500 0.000000 
0.067500 -0.000000 
0.072500 0.000000 
0.077500 -0.000000 
0.082500 0.000000 
0.087500 -0.000000 
0.092500 0.000000 
0.097500 -0.000000 
0.102500 0.000000 
0.107500 -0.000000 
0.112500 0.000000 
0.117500 -0.000000 
0.122500 0.000000 
0.127500 -0.000000 
0.132500 0.000000 
0.137500 -0.000000 
0.142500 0.000000 
0.147500 -0.000000 
0.152500 0.000000 
0.157500 -0.000000 
0.162500 0.000000 
0.167500 -0.000000 
0.172500 0.000000 
0.177500 -0.000000 
0.182500 0.000000 
0.187500 -0.000000 
0.192500 0.000000 
0.197500 -0.000000 
0.202500 0.000000 
0.207500 -0.000000 
0.212500 0.000000 
0.217500 -0.000000 
0.222500 0.000000 
0.227500 -0.000000 
0.232500 0.000000 
0.237500 -0.000000 
0.242500 0.000000 
0.247500 -0.000000 
0.252500 0.000000 
0.257500 -0.000000 
0.262500 0.000000 
0.267500 -0.000000 
0.272500 0.000000 
0.277500 -0.000000 
0.282500 0.000000 
0.287500 -0.000000 
0.292500 0.000000 
0.297500 -0.000000 
0.302500 0.000000 
0.307500 -0.000000 
0.312500 0.000000 
0.317500 -0.000000 
0.322500 0.000000 
0.327500 -0.000000 
0.332500 0.000000 
0.337500 -0.000000 
0.342500 0.000000 
0.347500 -0.000000 
0.352500 0.000000 
0.357500 -0.000000 
0.362500 0.000000 
0.367500 -0.000000 
0.372500 0.000000 
0.377500 -0.000000 
0.382500 0.000000 
0.387500 -0.000000 
0.392500 0.000000 
0.397500 -0.000000 
0.402500 0.000000 
0.407500 -0.000000 
0.412500 0.000000 
0.417500 -0.000000 
0.422500 0.000001 
0.427500 -0.000001 
0.432500 0.000001 
0.437500 -0.000001 
0.442500 0.000003 
0.447500 -0.000002 
0.452500 0.000006 
0.457500 -0.000004 
0.462500 0.000011 
0.467500 -0.000006 
0.472500 0.000020 
0.477500 -0.000012 
0.482500 0.000038 
0.487500 -0.000020 
0.492500 0.000068 
0.497500 -0.000035 
0.502500 0.000121 
0.507500 -0.000059 
0.512500 0.000212 
0.517500 -0.000098 
0.522500 0.000363 
0.527500 -0.000158 
0.532500 0.000610 
0.537500 -0.000249 
0.542500 0.001008 
0.547500 -0.000382 
0.552500 0.001635 
0.557500 -0.000570 
0.562500 0.002603 
0.567500 -0.000829 
0.572500 0.004067 
0.577500 -0.001167 
0.582500 0.006236 
0.587500 -0.001588 
0.592500 0.009385 
0.597500 -0.002077 
0.602500 0.013860 
0.607500 -0.002591 
0.612500 0.020086 
0.617500 -0.003042 
0.622500 0.028562 
0.627500 -0.003276 
0.632500 0.039847 
0.637500 -0.003055 
0.642500 0.054538 
0.647500 -0.002031 
0.652500 0.073227 
0.657500 0.000267 
0.662500 0.096446 
0.667500 0.004450 
0.672500 0.124597 
0.677500 0.011254 
0.682500 0.157875 
0.687500 0.021524 
0.692500 0.196189 
0.697500 0.036163 
0.702500 0.239090 
0.707500 0.056053 
0.712500 0.285724 
0.717500 0.081965 
0.722500 0.334808 
0.727500 0.114438 
0.732500 0.384657 
0.737500 0.153659 
0.742500 0.433256 
0.747500 0.199354 
0.752500 0.478368 
0.757500 0.250704 
0.762500 0.517698 
0.767500 0.306307 
0.772500 0.549073 
0.777500 0.364198 
0.782500 0.570629 
0.787500 0.421936 
0.792500 0.580986 
0.797500 0.476761 
0.802500 0.579388 
0.807500 0.525796 
0.812500 0.565787 
0.817500 0.566287 
0.822500 0.540859 
0.827500 0.595855 
0.832500 0.505947 
0.837500 0.612716 
0.842500 0.462952 
0.847500 0.615855 
0.852500 0.414157 
0.857500 0.605127 
0.862500 0.362033 
0.867500 0.581268 
0.872500 0.309031 
0.877500 0.545819 
0.882500 0.257395 
0.887500 0.500974 
0.892500 0.209008 
0.897500 0.449365 
0.902500 0.165291 
0.907500 0.393820 
0.912500 0.127159 
0.917500 0.337120 
0.922500 0.095025 
0.927500 0.281779 
0.932500 0.068864 
0.937500 0.229879 
0.942500 0.048295 
0.947500 0.182964 
0.952500 0.032691 
0.957500 0.142003 
0.962500 0.021286 
0.967500 0.107416 
0.972500 0.013274 
0.977500 0.079132 
0.982500 0.007966 
0.987500 0.056484 
0.992500 0.006208 
0.997500 0.034406 
