0.002500 0.000000 
0.007500 -0.000000 
0.012500 0.000000 
0.017500 -0.000000 
0.022500 0.000000 
0.027500 -0.000000 
0.032500 0.000000 
0.037500 -0.000000 
0.042500 0.000000 
0.047500 -0.000000 
0.052500 0.000000 
0.057500 -0.000000 
0.062500 0.000000 
0.067500 -0.000000 
0.072500 0.000000 
0.077500 -0.000000 
0.082500 0.000000 
0.087500 -0.000000 
0.092500 0.000000 
0.097500 -0.000000 
0.102500 0.000000 
0.107500 -0.000000 
0.112500 0.000000 
0.117500 -0.000000 
0.122500 0.000000 
0.127500 -0.000000 
0.132500 0.000000 
0.137500 -0.000000 
0.142500 0.000000 
0.147500 -0.000000 
0.152500 0.000000 
0.157500 -0.000000 
0.162500 0.000000 
0.167500 -0.000000 
0.172500 0.000000 
0.177500 -0.000000 
0.182500 0.000000 
0.187500 -0.000000 
0.192500 0.000001 
0.197500 0.000000 
0.202500 0.000002 
0.207500 0.000000 
0.212500 0.000005 
0.217500 0.000000 
0.222500 0.000013 
0.227500 0.000001 
0.232500 0.000030 
0.237500 0.000004 
0.242500 0.000067 
0.247500 0.000011 
0.252500 0.000146 
0.257500 0.000028 
0.262500 0.000307 
0.267500 0.000070 
0.272500 0.000626 
0.277500 0.000163 
0.282500 0.001234 
0.287500 0.000361 
0.292500 0.002350 
0.297500 0.000765 
0.302500 0.004323 
0.307500 0.001553 
0.312500 0.007686 
0.317500 0.003024 
0.322500 0.013202 
0.327500 0.005651 
0.332500 0.021906 
0.337500 0.010146 
0.342500 0.035112 
0.347500 0.017509 
0.352500 0.054362 
0.357500 0.029059 
0.362500 0.081298 
0.367500 0.046403 
0.372500 0.117441 
0.377500 0.071323 
0.382500 0.163893 
0.387500 0.105557 
0.392500 0.220985 
0.397500 0.150485 
0.402500 0.287950 
0.407500 0.206740 
0.412500 0.362692 
0.417500 0.273822 
0.422500 0.441743 
0.427500 0.349815 
0.432500 0.520441 
0.437500 0.431288 
0.442500 0.593357 
0.447500 0.513453 
0.452500 0.654892 
0.457500 0.590599 
0.462500 0.699967 
0.467500 0.656732 
0.472500 0.724666 
0.477500 0.706324 
0.482500 0.726739 
0.487500 0.735028 
0.492500 0.705878 
0.497500 0.740227 
0.502500 0.663745 
0.507500 0.721362 
0.512500 0.603767 
0.517500 0.679978 
0.522500 0.530719 
0.527500 0.619528 
0.532500 0.450167 
0.537500 0.544949 
0.542500 0.367833 
0.547500 0.462087 
0.552500 0.288953 
0.557500 0.377015 
0.562500 0.217735 
0.567500 0.295341 
0.572500 0.156997 
0.577500 0.221598 
0.582500 0.108037 
0.587500 0.158834 
0.592500 0.070756 
0.597500 0.108448 
0.602500 0.043971 
0.607500 0.070323 
0.612500 0.025847 
0.617500 0.043170 
0.622500 0.014324 
0.627500 0.025003 
0.632500 0.007456 
0.637500 0.013613 
0.642500 0.003631 
0.647500 0.006940 
0.652500 0.001648 
0.657500 0.003298 
0.662500 0.000693 
0.667500 0.001455 
0.672500 0.000269 
0.677500 0.000592 
0.682500 0.000096 
0.687500 0.000221 
0.692500 0.000031 
0.697500 0.000075 
0.702500 0.000009 
0.707500 0.000023 
0.712500 0.000002 
0.717500 0.000006 
0.722500 0.000001 
0.727500 0.000002 
0.732500 0.000000 
0.737500 0.000000 
0.742500 0.000000 
0.747500 0.000000 
0.752500 0.000000 
0.757500 0.000000 
0.762500 0.000000 
0.767500 0.000000 
0.772500 0.000000 
0.777500 0.000000 
0.782500 0.000000 
0.787500 0.000000 
0.792500 0.000000 
0.797500 0.000000 
0.802500 0.000000 
0.807500 0.000000 
0.812500 0.000000 
0.817500 0.000000 
0.822500 0.000000 
0.827500 0.000000 
0.832500 0.000000 
0.837500 0.000000 
0.842500 0.000000 
0.847500 0.000000 
0.852500 0.000000 
0.857500 0.000000 
0.862500 0.000000 
0.867500 0.000000 
0.872500 0.000000 
0.877500 0.000000 
0.882500 0.000000 
0.887500 0.000000 
0.892500 0.000000 
0.897500 0.000000 
0.902500 0.000000 
0.907500 0.000000 
0.912500 0.000000 
0.917500 0.000000 
0.922500 0.000000 
0.927500 0.000000 
0.932500 0.000000 
0.937500 0.000000 
0.942500 0.000000 
0.947500 0.000000 
0.952500 0.000000 
0.957500 0.000000 
0.962500 0.000000 
0.967500 0.000000 
0.972500 0.000000 
0.977500 0.000000 
0.982500 0.000000 
0.987500 0.000000 
0.992500 0.000000 
0.997500 0.000000 
