0.002500 0.000000 
0.007500 -0.000000 
0.012500 0.000000 
0.017500 -0.000000 
0.022500 0.000000 
0.027500 -0.000000 
0.032500 0.000000 
0.037500 -0.000000 
0.042500 0.000000 
0.047500 -0.000000 
0.052500 0.000000 
0.057500 -0.000000 
0.062500 0.000000 
0.067500 -0.000000 
0.072500 0.000000 
0.077500 -0.000000 
0.082500 0.000000 
0.087500 -0.000000 
0.092500 0.000000 
0.097500 -0.000000 
0.102500 0.000000 
0.107500 -0.000000 
0.112500 0.000000 
0.117500 -0.000000 
0.122500 0.000000 
0.127500 -0.000000 
0.132500 0.000000 
0.137500 -0.000000 
0.142500 0.000000 
0.147500 -0.000000 
0.152500 0.000000 
0.157500 -0.000000 
0.162500 0.000000 
0.167500 -0.000000 
0.172500 0.000000 
0.177500 -0.000000 
0.182500 0.000000 
0.187500 -0.000000 
0.192500 0.000000 
0.197500 -0.000000 
0.202500 0.000000 
0.207500 -0.000000 
0.212500 0.000000 
0.217500 -0.000000 
0.222500 0.000000 
0.227500 -0.000000 
0.232500 0.000000 
0.237500 -0.000000 
0.242500 0.000000 
0.247500 -0.000000 
0.252500 0.000000 
0.257500 -0.000000 
0.262500 0.000000 
0.267500 -0.000000 
0.272500 0.000000 
0.277500 -0.000000 
0.282500 0.000000 
0.287500 -0.000000 
0.292500 0.000000 
0.297500 -0.000000 
0.302500 0.000000 
0.307500 -0.000000 
0.312500 0.000000 
0.317500 -0.000000 
0.322500 0.000000 
0.327500 -0.000000 
0.332500 0.000000 
0.337500 -0.000000 
0.342500 0.000001 
0.347500 -0.000000 
0.352500 0.000002 
0.357500 -0.000001 
0.362500 0.000003 
0.367500 -0.000001 
0.372500 0.000006 
0.377500 -0.000003 
0.382500 0.000013 
0.387500 -0.000005 
0.392500 0.000026 
0.397500 -0.000009 
0.402500 0.000049 
0.407500 -0.000016 
0.412500 0.000093 
0.417500 -0.000027 
0.422500 0.000171 
0.427500 -0.000044 
0.432500 0.000308 
0.437500 -0.000070 
0.442500 0.000543 
0.447500 -0.000107 
0.452500 0.000938 
0.457500 -0.000155 
0.462500 0.001585 
0.467500 -0.000211 
0.472500 0.002623 
0.477500 -0.000263 
0.482500 0.004245 
0.487500 -0.000281 
0.492500 0.006722 
0.497500 -0.000211 
0.502500 0.010412 
0.507500 0.000045 
0.512500 0.015779 
0.517500 0.000647 
0.522500 0.023387 
0.527500 0.001841 
0.532500 0.033906 
0.537500 0.003982 
0.542500 0.048074 
0.547500 0.007562 
0.552500 0.066663 
0.557500 0.013219 
0.562500 0.090398 
0.567500 0.021742 
0.572500 0.119874 
0.577500 0.034044 
0.582500 0.155442 
0.587500 0.051112 
0.592500 0.197095 
0.597500 0.073917 
0.602500 0.244363 
0.607500 0.103298 
0.612500 0.296238 
0.617500 0.139815 
0.622500 0.351141 
0.627500 0.183599 
0.632500 0.406959 
0.637500 0.234209 
0.642500 0.461140 
0.647500 0.290536 
0.652500 0.510873 
0.657500 0.350758 
0.662500 0.553307 
0.667500 0.412394 
0.672500 0.585811 
0.677500 0.472434 
0.682500 0.606232 
0.687500 0.527565 
0.692500 0.613122 
0.697500 0.574456 
0.702500 0.605893 
0.707500 0.610080 
0.712500 0.584898 
0.717500 0.632021 
0.722500 0.551398 
0.727500 0.638733 
0.732500 0.507444 
0.737500 0.629713 
0.742500 0.455676 
0.747500 0.605559 
0.752500 0.399064 
0.757500 0.567908 
0.762500 0.340631 
0.767500 0.519260 
0.772500 0.283196 
0.777500 0.462721 
0.782500 0.229149 
0.787500 0.401686 
0.792500 0.180305 
0.797500 0.339513 
0.802500 0.137833 
0.807500 0.279231 
0.812500 0.102260 
0.817500 0.223313 
0.822500 0.073551 
0.827500 0.173534 
0.832500 0.051225 
0.837500 0.130925 
0.842500 0.034498 
0.847500 0.095819 
0.852500 0.022435 
0.857500 0.067964 
0.862500 0.014066 
0.867500 0.046673 
0.872500 0.008487 
0.877500 0.031002 
0.882500 0.004918 
0.887500 0.019896 
0.892500 0.002731 
0.897500 0.012323 
0.902500 0.001450 
0.907500 0.007358 
0.912500 0.000733 
0.917500 0.004229 
0.922500 0.000352 
0.927500 0.002337 
0.932500 0.000159 
0.937500 0.001240 
0.942500 0.000067 
0.947500 0.000631 
0.952500 0.000027 
0.957500 0.000307 
0.962500 0.000009 
0.967500 0.000143 
0.972500 0.000003 
0.977500 0.000064 
0.982500 0.000001 
0.987500 0.000027 
0.992500 0.000000 
0.997500 0.000010 
