0.002500 0.000000 
0.007500 -0.000000 
0.012500 0.000000 
0.017500 -0.000000 
0.022500 0.000000 
0.027500 -0.000000 
0.032500 0.000000 
0.037500 -0.000000 
0.042500 0.000000 
0.047500 -0.000000 
0.052500 0.000000 
0.057500 -0.000000 
0.062500 0.000000 
0.067500 -0.000000 
0.072500 0.000000 
0.077500 -0.000000 
0.082500 0.000000 
0.087500 -0.000000 
0.092500 0.000000 
0.097500 -0.000000 
0.102500 0.000000 
0.107500 -0.000000 
0.112500 0.000000 
0.117500 -0.000000 
0.122500 0.000000 
0.127500 -0.000000 
0.132500 0.000000 
0.137500 -0.000000 
0.142500 0.000000 
0.147500 -0.000000 
0.152500 0.000000 
0.157500 -0.000000 
0.162500 0.000000 
0.167500 -0.000000 
0.172500 0.000000 
0.177500 -0.000000 
0.182500 0.000000 
0.187500 -0.000000 
0.192500 0.000000 
0.197500 -0.000000 
0.202500 0.000000 
0.207500 -0.000000 
0.212500 0.000000 
0.217500 -0.000000 
0.222500 0.000000 
0.227500 -0.000000 
0.232500 0.000000 
0.237500 -0.000000 
0.242500 0.000000 
0.247500 -0.000000 
0.252500 0.000000 
0.257500 -0.000000 
0.262500 0.000000 
0.267500 -0.000000 
0.272500 0.000000 
0.277500 -0.000000 
0.282500 0.000000 
0.287500 -0.000000 
0.292500 0.000000 
0.297500 -0.000000 
0.302500 0.000000 
0.307500 -0.000000 
0.312500 0.000000 
0.317500 -0.000000 
0.322500 0.000000 
0.327500 -0.000000 
0.332500 0.000000 
0.337500 -0.000000 
0.342500 0.000000 
0.347500 -0.000000 
0.352500 0.000000 
0.357500 -0.000000 
0.362500 0.000000 
0.367500 -0.000000 
0.372500 0.000000 
0.377500 -0.000000 
0.382500 0.000000 
0.387500 -0.000000 
0.392500 0.000000 
0.397500 -0.000000 
0.402500 0.000000 
0.407500 -0.000000 
0.412500 0.000000 
0.417500 -0.000000 
0.422500 0.000000 
0.427500 -0.000000 
0.432500 0.000000 
0.437500 -0.000000 
0.442500 0.000000 
0.447500 -0.000000 
0.452500 0.000000 
0.457500 -0.000000 
0.462500 0.000000 
0.467500 -0.000000 
0.472500 0.000000 
0.477500 -0.000000 
0.482500 0.000000 
0.487500 -0.000000 
0.492500 0.000000 
0.497500 -0.000000 
0.502500 0.000001 
0.507500 -0.000001 
0.512500 0.000001 
0.517500 -0.000001 
0.522500 0.000003 
0.527500 -0.000002 
0.532500 0.000005 
0.537500 -0.000004 
0.542500 0.000009 
0.547500 -0.000007 
0.552500 0.000016 
0.557500 -0.000012 
0.562500 0.000029 
0.567500 -0.000021 
0.572500 0.000050 
0.577500 -0.000036 
0.582500 0.000087 
0.587500 -0.000060 
0.592500 0.000148 
0.597500 -0.000099 
0.602500 0.000249 
0.607500 -0.000161 
0.612500 0.000411 
0.617500 -0.000255 
0.622500 0.000667 
0.627500 -0.000398 
0.632500 0.001066 
0.637500 -0.000610 
0.642500 0.001677 
0.647500 -0.000916 
0.652500 0.002594 
0.657500 -0.001348 
0.662500 0.003948 
0.667500 -0.001943 
0.672500 0.005912 
0.677500 -0.002741 
0.682500 0.008708 
0.687500 -0.003782 
0.692500 0.012616 
0.697500 -0.005096 
0.702500 0.017977 
0.707500 -0.006694 
0.712500 0.025191 
0.717500 -0.008556 
0.722500 0.034712 
0.727500 -0.010609 
0.732500 0.047034 
0.737500 -0.012708 
0.742500 0.062660 
0.747500 -0.014613 
0.752500 0.082069 
0.757500 -0.015970 
0.762500 0.105668 
0.767500 -0.016290 
0.772500 0.133735 
0.777500 -0.014947 
0.782500 0.166359 
0.787500 -0.011181 
0.792500 0.203378 
0.797500 -0.004128 
0.802500 0.244328 
0.807500 0.007140 
0.812500 0.288407 
0.817500 0.023539 
0.822500 0.334465 
0.827500 0.045889 
0.832500 0.381023 
0.837500 0.074806 
0.842500 0.426328 
0.847500 0.110601 
0.852500 0.468445 
0.857500 0.153173 
0.862500 0.505379 
0.867500 0.201935 
0.872500 0.535217 
0.877500 0.255769 
0.882500 0.556280 
0.887500 0.313033 
0.892500 0.567272 
0.897500 0.371615 
0.902500 0.567395 
0.907500 0.429051 
0.912500 0.556440 
0.917500 0.482686 
0.922500 0.534814 
0.927500 0.529864 
0.932500 0.503525 
0.937500 0.568148 
0.942500 0.464100 
0.947500 0.595518 
0.952500 0.418472 
0.957500 0.610543 
0.962500 0.368825 
0.967500 0.612483 
0.972500 0.317529 
0.977500 0.601059 
0.982500 0.268264 
0.987500 0.572740 
0.992500 0.242166 
0.997500 0.474925 
