0.002500 0.000000 
0.007500 -0.000000 
0.012500 0.000000 
0.017500 -0.000000 
0.022500 0.000000 
0.027500 -0.000000 
0.032500 0.000000 
0.037500 -0.000000 
0.042500 0.000000 
0.047500 -0.000000 
0.052500 0.000000 
0.057500 -0.000000 
0.062500 0.000000 
0.067500 -0.000000 
0.072500 0.000000 
0.077500 -0.000000 
0.082500 0.000000 
0.087500 -0.000000 
0.092500 0.000000 
0.097500 -0.000000 
0.102500 0.000000 
0.107500 -0.000000 
0.112500 0.000000 
0.117500 -0.000000 
0.122500 0.000000 
0.127500 -0.000000 
0.132500 0.000000 
0.137500 -0.000000 
0.142500 0.000000 
0.147500 -0.000000 
0.152500 0.000000 
0.157500 -0.000000 
0.162500 0.000000 
0.167500 -0.000000 
0.172500 0.000000 
0.177500 -0.000000 
0.182500 0.000000 
0.187500 -0.000000 
0.192500 0.000000 
0.197500 -0.000000 
0.202500 0.000000 
0.207500 -0.000000 
0.212500 0.000000 
0.217500 -0.000000 
0.222500 0.000000 
0.227500 -0.000000 
0.232500 0.000000 
0.237500 -0.000000 
0.242500 0.000000 
0.247500 -0.000000 
0.252500 0.000000 
0.257500 -0.000000 
0.262500 0.000001 
0.267500 -0.000000 
0.272500 0.000001 
0.277500 -0.000000 
0.282500 0.000003 
0.287500 -0.000001 
0.292500 0.000007 
0.297500 -0.000001 
0.302500 0.000014 
0.307500 -0.000002 
0.312500 0.000030 
0.317500 -0.000003 
0.322500 0.000061 
0.327500 -0.000005 
0.332500 0.000122 
0.337500 -0.000005 
0.342500 0.000237 
0.347500 -0.000003 
0.352500 0.000448 
0.357500 0.000009 
0.362500 0.000825 
0.367500 0.000043 
0.372500 0.001481 
0.377500 0.000127 
0.382500 0.002587 
0.387500 0.000309 
0.392500 0.004403 
0.397500 0.000679 
0.402500 0.007296 
0.407500 0.001384 
0.412500 0.011772 
0.417500 0.002658 
0.422500 0.018492 
0.427500 0.004857 
0.432500 0.028278 
0.437500 0.008491 
0.442500 0.042096 
0.447500 0.014255 
0.452500 0.061002 
0.457500 0.023044 
0.462500 0.086047 
0.467500 0.035937 
0.472500 0.118146 
0.477500 0.054147 
0.482500 0.157904 
0.487500 0.078910 
0.492500 0.205436 
0.497500 0.111332 
0.502500 0.260186 
0.507500 0.152183 
0.512500 0.320811 
0.517500 0.201671 
0.522500 0.385124 
0.527500 0.259240 
0.532500 0.450171 
0.537500 0.323413 
0.542500 0.512406 
0.547500 0.391749 
0.552500 0.567988 
0.557500 0.460923 
0.562500 0.613157 
0.567500 0.526959 
0.572500 0.644632 
0.577500 0.585577 
0.582500 0.659983 
0.587500 0.632641 
0.592500 0.657924 
0.597500 0.664607 
0.602500 0.638468 
0.607500 0.678947 
0.612500 0.602940 
0.617500 0.674448 
0.622500 0.553834 
0.627500 0.651365 
0.632500 0.494532 
0.637500 0.611397 
0.642500 0.428943 
0.647500 0.557490 
0.652500 0.361093 
0.657500 0.493502 
0.662500 0.294726 
0.667500 0.423776 
0.672500 0.232974 
0.677500 0.352671 
0.682500 0.178136 
0.687500 0.284132 
0.692500 0.131573 
0.697500 0.221341 
0.702500 0.093740 
0.707500 0.166503 
0.712500 0.064322 
0.717500 0.120776 
0.722500 0.042439 
0.727500 0.084349 
0.732500 0.026879 
0.737500 0.056626 
0.742500 0.016311 
0.747500 0.036480 
0.752500 0.009466 
0.757500 0.022512 
0.762500 0.005243 
0.767500 0.013282 
0.772500 0.002766 
0.777500 0.007478 
0.782500 0.001386 
0.787500 0.004008 
0.792500 0.000658 
0.797500 0.002041 
0.802500 0.000296 
0.807500 0.000985 
0.812500 0.000125 
0.817500 0.000449 
0.822500 0.000050 
0.827500 0.000193 
0.832500 0.000018 
0.837500 0.000078 
0.842500 0.000006 
0.847500 0.000029 
0.852500 0.000002 
0.857500 0.000010 
0.862500 0.000001 
0.867500 0.000003 
0.872500 0.000000 
0.877500 0.000001 
0.882500 0.000000 
0.887500 0.000000 
0.892500 0.000000 
0.897500 0.000000 
0.902500 0.000000 
0.907500 0.000000 
0.912500 0.000000 
0.917500 0.000000 
0.922500 0.000000 
0.927500 0.000000 
0.932500 0.000000 
0.937500 0.000000 
0.942500 0.000000 
0.947500 0.000000 
0.952500 0.000000 
0.957500 0.000000 
0.962500 0.000000 
0.967500 0.000000 
0.972500 0.000000 
0.977500 0.000000 
0.982500 -0.000000 
0.987500 0.000000 
0.992500 -0.000000 
0.997500 0.000000 
