0.002500 0.000000	0.002500 0.000000 	0.002500 0.000000 	0.002500 0.000000 	0.002500 0.000000 	0.002500 0.000000 	0.002500 0.000000 	0.002500 0.000000 
0.007500 0.000000	0.007500 0.000000 	0.007500 -0.000000 	0.007500 -0.000000 	0.007500 -0.000000 	0.007500 -0.000000 	0.007500 -0.000000 	0.007500 -0.000000 
0.012500 0.000000	0.012500 0.000000 	0.012500 0.000000 	0.012500 0.000000 	0.012500 0.000000 	0.012500 0.000000 	0.012500 0.000000 	0.012500 0.000000 
0.017500 0.000000	0.017500 0.000000 	0.017500 -0.000000 	0.017500 -0.000000 	0.017500 -0.000000 	0.017500 -0.000000 	0.017500 -0.000000 	0.017500 -0.000000 
0.022500 0.000000	0.022500 0.000000 	0.022500 0.000000 	0.022500 0.000000 	0.022500 0.000000 	0.022500 0.000000 	0.022500 0.000000 	0.022500 0.000000 
0.027500 0.000000	0.027500 0.000000 	0.027500 -0.000000 	0.027500 -0.000000 	0.027500 -0.000000 	0.027500 -0.000000 	0.027500 -0.000000 	0.027500 -0.000000 
0.032500 0.000000	0.032500 0.000000 	0.032500 0.000000 	0.032500 0.000000 	0.032500 0.000000 	0.032500 0.000000 	0.032500 0.000000 	0.032500 0.000000 
0.037500 0.000000	0.037500 0.000000 	0.037500 0.000000 	0.037500 -0.000000 	0.037500 -0.000000 	0.037500 -0.000000 	0.037500 -0.000000 	0.037500 -0.000000 
0.042500 0.000000	0.042500 0.000000 	0.042500 0.000000 	0.042500 0.000000 	0.042500 0.000000 	0.042500 0.000000 	0.042500 0.000000 	0.042500 0.000000 
0.047500 0.000000	0.047500 0.000000 	0.047500 0.000000 	0.047500 -0.000000 	0.047500 -0.000000 	0.047500 -0.000000 	0.047500 -0.000000 	0.047500 -0.000000 
0.052500 0.000000	0.052500 0.000000 	0.052500 0.000000 	0.052500 0.000000 	0.052500 0.000000 	0.052500 0.000000 	0.052500 0.000000 	0.052500 0.000000 
0.057500 0.000000	0.057500 0.000000 	0.057500 0.000000 	0.057500 -0.000000 	0.057500 -0.000000 	0.057500 -0.000000 	0.057500 -0.000000 	0.057500 -0.000000 
0.062500 0.000000	0.062500 0.000000 	0.062500 0.000000 	0.062500 0.000000 	0.062500 0.000000 	0.062500 0.000000 	0.062500 0.000000 	0.062500 0.000000 
0.067500 0.000000	0.067500 0.000000 	0.067500 0.000000 	0.067500 -0.000000 	0.067500 -0.000000 	0.067500 -0.000000 	0.067500 -0.000000 	0.067500 -0.000000 
0.072500 0.000000	0.072500 0.000002 	0.072500 0.000000 	0.072500 0.000000 	0.072500 0.000000 	0.072500 0.000000 	0.072500 0.000000 	0.072500 0.000000 
0.077500 0.000000	0.077500 0.000001 	0.077500 0.000000 	0.077500 -0.000000 	0.077500 -0.000000 	0.077500 -0.000000 	0.077500 -0.000000 	0.077500 -0.000000 
0.082500 0.000000	0.082500 0.000007 	0.082500 0.000000 	0.082500 0.000000 	0.082500 0.000000 	0.082500 0.000000 	0.082500 0.000000 	0.082500 0.000000 
0.087500 0.000000	0.087500 0.000004 	0.087500 0.000000 	0.087500 -0.000000 	0.087500 -0.000000 	0.087500 -0.000000 	0.087500 -0.000000 	0.087500 -0.000000 
0.092500 0.000000	0.092500 0.000031 	0.092500 0.000000 	0.092500 0.000000 	0.092500 0.000000 	0.092500 0.000000 	0.092500 0.000000 	0.092500 0.000000 
0.097500 0.000000	0.097500 0.000019 	0.097500 0.000000 	0.097500 -0.000000 	0.097500 -0.000000 	0.097500 -0.000000 	0.097500 -0.000000 	0.097500 -0.000000 
0.102500 1.000000	0.102500 0.000117 	0.102500 0.000000 	0.102500 0.000000 	0.102500 0.000000 	0.102500 0.000000 	0.102500 0.000000 	0.102500 0.000000 
0.107500 1.000000	0.107500 0.000074 	0.107500 0.000000 	0.107500 -0.000000 	0.107500 -0.000000 	0.107500 -0.000000 	0.107500 -0.000000 	0.107500 -0.000000 
0.112500 1.000000	0.112500 0.000400 	0.112500 0.000000 	0.112500 0.000000 	0.112500 0.000000 	0.112500 0.000000 	0.112500 0.000000 	0.112500 0.000000 
0.117500 1.000000	0.117500 0.000264 	0.117500 0.000000 	0.117500 -0.000000 	0.117500 -0.000000 	0.117500 -0.000000 	0.117500 -0.000000 	0.117500 -0.000000 
0.122500 1.000000	0.122500 0.001251 	0.122500 0.000001 	0.122500 0.000000 	0.122500 0.000000 	0.122500 0.000000 	0.122500 0.000000 	0.122500 0.000000 
0.127500 1.000000	0.127500 0.000861 	0.127500 0.000000 	0.127500 -0.000000 	0.127500 -0.000000 	0.127500 -0.000000 	0.127500 -0.000000 	0.127500 -0.000000 
0.132500 1.000000	0.132500 0.003564 	0.132500 0.000002 	0.132500 0.000000 	0.132500 0.000000 	0.132500 0.000000 	0.132500 0.000000 	0.132500 0.000000 
0.137500 1.000000	0.137500 0.002554 	0.137500 0.000001 	0.137500 -0.000000 	0.137500 -0.000000 	0.137500 -0.000000 	0.137500 -0.000000 	0.137500 -0.000000 
0.142500 1.000000	0.142500 0.009252 	0.142500 0.000006 	0.142500 0.000000 	0.142500 0.000000 	0.142500 0.000000 	0.142500 0.000000 	0.142500 0.000000 
0.147500 1.000000	0.147500 0.006897 	0.147500 0.000002 	0.147500 -0.000000 	0.147500 -0.000000 	0.147500 -0.000000 	0.147500 -0.000000 	0.147500 -0.000000 
0.152500 1.000000	0.152500 0.021890 	0.152500 0.000018 	0.152500 0.000000 	0.152500 0.000000 	0.152500 0.000000 	0.152500 0.000000 	0.152500 0.000000 
0.157500 1.000000	0.157500 0.016947 	0.157500 0.000006 	0.157500 -0.000000 	0.157500 -0.000000 	0.157500 -0.000000 	0.157500 -0.000000 	0.157500 -0.000000 
0.162500 1.000000	0.162500 0.047198 	0.162500 0.000050 	0.162500 0.000000 	0.162500 0.000000 	0.162500 0.000000 	0.162500 0.000000 	0.162500 0.000000 
0.167500 1.000000	0.167500 0.037883 	0.167500 0.000019 	0.167500 -0.000000 	0.167500 -0.000000 	0.167500 -0.000000 	0.167500 -0.000000 	0.167500 -0.000000 
0.172500 1.000000	0.172500 0.092732 	0.172500 0.000128 	0.172500 0.000000 	0.172500 0.000000 	0.172500 0.000000 	0.172500 0.000000 	0.172500 0.000000 
0.177500 1.000000	0.177500 0.077041 	0.177500 0.000053 	0.177500 -0.000000 	0.177500 -0.000000 	0.177500 -0.000000 	0.177500 -0.000000 	0.177500 -0.000000 
0.182500 1.000000	0.182500 0.166073 	0.182500 0.000315 	0.182500 0.000000 	0.182500 0.000000 	0.182500 0.000000 	0.182500 0.000000 	0.182500 0.000000 
0.187500 1.000000	0.187500 0.142547 	0.187500 0.000140 	0.187500 -0.000000 	0.187500 -0.000000 	0.187500 -0.000000 	0.187500 -0.000000 	0.187500 -0.000000 
0.192500 1.000000	0.192500 0.271318 	0.192500 0.000738 	0.192500 0.000001 	0.192500 0.000000 	0.192500 0.000000 	0.192500 0.000000 	0.192500 0.000000 
0.197500 1.000000	0.197500 0.240107 	0.197500 0.000351 	0.197500 0.000000 	0.197500 -0.000000 	0.197500 -0.000000 	0.197500 -0.000000 	0.197500 -0.000000 
0.202500 0.000000	0.202500 0.405077 	0.202500 0.001648 	0.202500 0.000002 	0.202500 0.000000 	0.202500 0.000000 	0.202500 0.000000 	0.202500 0.000000 
0.207500 0.000000	0.207500 0.368711 	0.207500 0.000835 	0.207500 0.000000 	0.207500 -0.000000 	0.207500 -0.000000 	0.207500 -0.000000 	0.207500 -0.000000 
0.212500 0.000000	0.212500 0.554475 	0.212500 0.003500 	0.212500 0.000005 	0.212500 0.000000 	0.212500 0.000000 	0.212500 0.000000 	0.212500 0.000000 
0.217500 0.000000	0.217500 0.517634 	0.217500 0.001884 	0.217500 0.000000 	0.217500 -0.000000 	0.217500 -0.000000 	0.217500 -0.000000 	0.217500 -0.000000 
0.222500 0.000000	0.222500 0.699533 	0.222500 0.007078 	0.222500 0.000013 	0.222500 0.000000 	0.222500 0.000000 	0.222500 0.000000 	0.222500 0.000000 
0.227500 0.000000	0.227500 0.667587 	0.227500 0.004035 	0.227500 0.000001 	0.227500 -0.000000 	0.227500 -0.000000 	0.227500 -0.000000 	0.227500 -0.000000 
0.232500 0.000000	0.232500 0.819786 	0.232500 0.013621 	0.232500 0.000030 	0.232500 0.000000 	0.232500 0.000000 	0.232500 0.000000 	0.232500 0.000000 
0.237500 0.000000	0.237500 0.796803 	0.237500 0.008199 	0.237500 0.000004 	0.237500 -0.000000 	0.237500 -0.000000 	0.237500 -0.000000 	0.237500 -0.000000 
0.242500 0.000000	0.242500 0.901512 	0.242500 0.024942 	0.242500 0.000067 	0.242500 0.000000 	0.242500 0.000000 	0.242500 0.000000 	0.242500 0.000000 
0.247500 0.000000	0.247500 0.889058 	0.247500 0.015813 	0.247500 0.000011 	0.247500 -0.000000 	0.247500 -0.000000 	0.247500 -0.000000 	0.247500 -0.000000 
0.252500 0.000000	0.252500 0.940772 	0.252500 0.043454 	0.252500 0.000146 	0.252500 0.000000 	0.252500 0.000000 	0.252500 0.000000 	0.252500 0.000000 
0.257500 0.000000	0.257500 0.938316 	0.257500 0.028946 	0.257500 0.000028 	0.257500 -0.000000 	0.257500 -0.000000 	0.257500 -0.000000 	0.257500 -0.000000 
0.262500 0.000000	0.262500 0.940420 	0.262500 0.072028 	0.262500 0.000307 	0.262500 0.000001 	0.262500 0.000000 	0.262500 0.000000 	0.262500 0.000000 
0.267500 0.000000	0.267500 0.946860 	0.267500 0.050294 	0.267500 0.000070 	0.267500 -0.000000 	0.267500 -0.000000 	0.267500 -0.000000 	0.267500 -0.000000 
0.272500 0.000000	0.272500 0.904223 	0.272500 0.113597 	0.272500 0.000626 	0.272500 0.000001 	0.272500 0.000000 	0.272500 0.000000 	0.272500 0.000000 
0.277500 0.000000	0.277500 0.919100 	0.277500 0.082960 	0.277500 0.000163 	0.277500 -0.000000 	0.277500 -0.000000 	0.277500 -0.000000 	0.277500 -0.000000 
0.282500 0.000000	0.282500 0.833428 	0.282500 0.170501 	0.282500 0.001234 	0.282500 0.000003 	0.282500 0.000000 	0.282500 0.000000 	0.282500 0.000000 
0.287500 0.000000	0.287500 0.856807 	0.287500 0.129938 	0.287500 0.000361 	0.287500 -0.000001 	0.287500 -0.000000 	0.287500 -0.000000 	0.287500 -0.000000 
0.292500 0.000000	0.292500 0.728612 	0.292500 0.243645 	0.292500 0.002350 	0.292500 0.000007 	0.292500 0.000000 	0.292500 0.000000 	0.292500 0.000000 
0.297500 0.000000	0.297500 0.759822 	0.297500 0.193327 	0.297500 0.000765 	0.297500 -0.000001 	0.297500 -0.000000 	0.297500 -0.000000 	0.297500 -0.000000 
0.302500 0.000000	0.302500 0.594806 	0.302500 0.331685 	0.302500 0.004323 	0.302500 0.000014 	0.302500 0.000000 	0.302500 0.000000 	0.302500 0.000000 
0.307500 0.000000	0.307500 0.631216 	0.307500 0.273398 	0.307500 0.001553 	0.307500 -0.000002 	0.307500 -0.000000 	0.307500 -0.000000 	0.307500 -0.000000 
0.312500 0.000000	0.312500 0.445124 	0.312500 0.430548 	0.312500 0.007686 	0.312500 0.000030 	0.312500 0.000000 	0.312500 0.000000 	0.312500 0.000000 
0.317500 0.000000	0.317500 0.482102 	0.317500 0.367799 	0.317500 0.003024 	0.317500 -0.000003 	0.317500 -0.000000 	0.317500 -0.000000 	0.317500 -0.000000 
0.322500 0.000000	0.322500 0.299216 	0.322500 0.533519 	0.322500 0.013202 	0.322500 0.000061 	0.322500 0.000000 	0.322500 0.000000 	0.322500 0.000000 
0.327500 0.000000	0.327500 0.331552 	0.327500 0.471228 	0.327500 0.005651 	0.327500 -0.000005 	0.327500 -0.000000 	0.327500 -0.000000 	0.327500 -0.000000 
0.332500 0.000000	0.332500 0.176650 	0.332500 0.632032 	0.332500 0.021906 	0.332500 0.000122 	0.332500 0.000000 	0.332500 0.000000 	0.332500 0.000000 
0.337500 0.000000	0.337500 0.200643 	0.337500 0.575817 	0.337500 0.010146 	0.337500 -0.000005 	0.337500 -0.000000 	0.337500 -0.000000 	0.337500 -0.000000 
0.342500 0.000000	0.342500 0.089236 	0.342500 0.716973 	0.342500 0.035112 	0.342500 0.000237 	0.342500 0.000001 	0.342500 0.000000 	0.342500 0.000000 
0.347500 0.000000	0.347500 0.104045 	0.347500 0.672234 	0.347500 0.017509 	0.347500 -0.000003 	0.347500 -0.000000 	0.347500 -0.000000 	0.347500 -0.000000 
0.352500 0.000000	0.352500 0.037338 	0.352500 0.780163 	0.352500 0.054362 	0.352500 0.000448 	0.352500 0.000002 	0.352500 0.000000 	0.352500 0.000000 
0.357500 0.000000	0.357500 0.044737 	0.357500 0.751223 	0.357500 0.029059 	0.357500 0.000009 	0.357500 -0.000001 	0.357500 -0.000000 	0.357500 -0.000000 
0.362500 0.000000	0.362500 0.012382 	0.362500 0.815575 	0.362500 0.081298 	0.362500 0.000825 	0.362500 0.000003 	0.362500 0.000000 	0.362500 0.000000 
0.367500 0.000000	0.367500 0.015257 	0.367500 0.805112 	0.367500 0.046403 	0.367500 0.000043 	0.367500 -0.000001 	0.367500 -0.000000 	0.367500 -0.000000 
0.372500 0.000000	0.372500 0.003043 	0.372500 0.820017 	0.372500 0.117441 	0.372500 0.001481 	0.372500 0.000006 	0.372500 0.000000 	0.372500 0.000000 
0.377500 0.000000	0.377500 0.003858 	0.377500 0.828872 	0.377500 0.071323 	0.377500 0.000127 	0.377500 -0.000003 	0.377500 -0.000000 	0.377500 -0.000000 
0.382500 0.000000	0.382500 0.000492 	0.382500 0.793274 	0.382500 0.163893 	0.382500 0.002587 	0.382500 0.000013 	0.382500 0.000000 	0.382500 0.000000 
0.387500 0.000000	0.387500 0.000642 	0.387500 0.820530 	0.387500 0.105557 	0.387500 0.000309 	0.387500 -0.000005 	0.387500 -0.000000 	0.387500 -0.000000 
0.392500 0.000000	0.392500 0.000039 	0.392500 0.737878 	0.392500 0.220985 	0.392500 0.004403 	0.392500 0.000026 	0.392500 0.000000 	0.392500 0.000000 
0.397500 0.000000	0.397500 0.000053 	0.397500 0.781070 	0.397500 0.150485 	0.397500 0.000679 	0.397500 -0.000009 	0.397500 -0.000000 	0.397500 -0.000000 
0.402500 0.000000	0.402500 0.000000 	0.402500 0.658754 	0.402500 0.287950 	0.402500 0.007296 	0.402500 0.000049 	0.402500 0.000000 	0.402500 0.000000 
0.407500 0.000000	0.407500 0.000000 	0.407500 0.714103 	0.407500 0.206740 	0.407500 0.001384 	0.407500 -0.000016 	0.407500 -0.000000 	0.407500 -0.000000 
0.412500 0.000000	0.412500 0.000000 	0.412500 0.562799 	0.412500 0.362692 	0.412500 0.011772 	0.412500 0.000093 	0.412500 0.000000 	0.412500 0.000000 
0.417500 0.000000	0.417500 0.000000 	0.417500 0.625502 	0.417500 0.273822 	0.417500 0.002658 	0.417500 -0.000027 	0.417500 -0.000000 	0.417500 -0.000000 
0.422500 0.000000	0.422500 0.000000 	0.422500 0.458294 	0.422500 0.441743 	0.422500 0.018492 	0.422500 0.000171 	0.422500 0.000001 	0.422500 0.000000 
0.427500 0.000000	0.427500 0.000000 	0.427500 0.522984 	0.427500 0.349815 	0.427500 0.004857 	0.427500 -0.000044 	0.427500 -0.000001 	0.427500 -0.000000 
0.432500 0.000000	0.432500 0.000000 	0.432500 0.354007 	0.432500 0.520441 	0.432500 0.028278 	0.432500 0.000308 	0.432500 0.000001 	0.432500 0.000000 
0.437500 0.000000	0.437500 0.000000 	0.437500 0.415429 	0.437500 0.431288 	0.437500 0.008491 	0.437500 -0.000070 	0.437500 -0.000001 	0.437500 -0.000000 
0.442500 0.000000	0.442500 0.000000 	0.442500 0.257991 	0.442500 0.593357 	0.442500 0.042096 	0.442500 0.000543 	0.442500 0.000003 	0.442500 0.000000 
0.447500 0.000000	0.447500 0.000000 	0.447500 0.311802 	0.447500 0.513453 	0.447500 0.014255 	0.447500 -0.000107 	0.447500 -0.000002 	0.447500 -0.000000 
0.452500 0.000000	0.452500 0.000000 	0.452500 0.176346 	0.452500 0.654892 	0.452500 0.061002 	0.452500 0.000938 	0.452500 0.000006 	0.452500 0.000000 
0.457500 0.000000	0.457500 0.000000 	0.457500 0.219792 	0.457500 0.590599 	0.457500 0.023044 	0.457500 -0.000155 	0.457500 -0.000004 	0.457500 -0.000000 
0.462500 0.000000	0.462500 0.000000 	0.462500 0.112345 	0.462500 0.699967 	0.462500 0.086047 	0.462500 0.001585 	0.462500 0.000011 	0.462500 0.000000 
0.467500 0.000000	0.467500 0.000000 	0.467500 0.144569 	0.467500 0.656732 	0.467500 0.035937 	0.467500 -0.000211 	0.467500 -0.000006 	0.467500 -0.000000 
0.472500 0.000000	0.472500 0.000000 	0.472500 0.066257 	0.472500 0.724666 	0.472500 0.118146 	0.472500 0.002623 	0.472500 0.000020 	0.472500 0.000000 
0.477500 0.000000	0.477500 0.000000 	0.477500 0.088114 	0.477500 0.706324 	0.477500 0.054147 	0.477500 -0.000263 	0.477500 -0.000012 	0.477500 -0.000000 
0.482500 0.000000	0.482500 0.000000 	0.482500 0.035909 	0.482500 0.726739 	0.482500 0.157904 	0.482500 0.004245 	0.482500 0.000038 	0.482500 0.000000 
0.487500 0.000000	0.487500 0.000000 	0.487500 0.049392 	0.487500 0.735028 	0.487500 0.078910 	0.487500 -0.000281 	0.487500 -0.000020 	0.487500 -0.000000 
0.492500 0.000000	0.492500 0.000000 	0.492500 0.017739 	0.492500 0.705878 	0.492500 0.205436 	0.492500 0.006722 	0.492500 0.000068 	0.492500 0.000000 
0.497500 0.000000	0.497500 0.000000 	0.497500 0.025252 	0.497500 0.740227 	0.497500 0.111332 	0.497500 -0.000211 	0.497500 -0.000035 	0.497500 -0.000000 
0.502500 0.000000	0.502500 0.000000 	0.502500 0.007913 	0.502500 0.663745 	0.502500 0.260186 	0.502500 0.010412 	0.502500 0.000121 	0.502500 0.000001 
0.507500 0.000000	0.507500 0.000000 	0.507500 0.011664 	0.507500 0.721362 	0.507500 0.152183 	0.507500 0.000045 	0.507500 -0.000059 	0.507500 -0.000001 
0.512500 0.000000	0.512500 0.000000 	0.512500 0.003153 	0.512500 0.603767 	0.512500 0.320811 	0.512500 0.015779 	0.512500 0.000212 	0.512500 0.000001 
0.517500 0.000000	0.517500 0.000000 	0.517500 0.004815 	0.517500 0.679978 	0.517500 0.201671 	0.517500 0.000647 	0.517500 -0.000098 	0.517500 -0.000001 
0.522500 0.000000	0.522500 0.000000 	0.522500 0.001108 	0.522500 0.530719 	0.522500 0.385124 	0.522500 0.023387 	0.522500 0.000363 	0.522500 0.000003 
0.527500 0.000000	0.527500 0.000000 	0.527500 0.001753 	0.527500 0.619528 	0.527500 0.259240 	0.527500 0.001841 	0.527500 -0.000158 	0.527500 -0.000002 
0.532500 0.000000	0.532500 0.000000 	0.532500 0.000338 	0.532500 0.450167 	0.532500 0.450171 	0.532500 0.033906 	0.532500 0.000610 	0.532500 0.000005 
0.537500 0.000000	0.537500 0.000000 	0.537500 0.000554 	0.537500 0.544949 	0.537500 0.323413 	0.537500 0.003982 	0.537500 -0.000249 	0.537500 -0.000004 
0.542500 0.000000	0.542500 0.000000 	0.542500 0.000087 	0.542500 0.367833 	0.542500 0.512406 	0.542500 0.048074 	0.542500 0.001008 	0.542500 0.000009 
0.547500 0.000000	0.547500 0.000000 	0.547500 0.000149 	0.547500 0.462087 	0.547500 0.391749 	0.547500 0.007562 	0.547500 -0.000382 	0.547500 -0.000007 
0.552500 0.000000	0.552500 0.000000 	0.552500 0.000019 	0.552500 0.288953 	0.552500 0.567988 	0.552500 0.066663 	0.552500 0.001635 	0.552500 0.000016 
0.557500 0.000000	0.557500 0.000000 	0.557500 0.000033 	0.557500 0.377015 	0.557500 0.460923 	0.557500 0.013219 	0.557500 -0.000570 	0.557500 -0.000012 
0.562500 0.000000	0.562500 0.000000 	0.562500 0.000003 	0.562500 0.217735 	0.562500 0.613157 	0.562500 0.090398 	0.562500 0.002603 	0.562500 0.000029 
0.567500 0.000000	0.567500 0.000000 	0.567500 0.000006 	0.567500 0.295341 	0.567500 0.526959 	0.567500 0.021742 	0.567500 -0.000829 	0.567500 -0.000021 
0.572500 0.000000	0.572500 0.000000 	0.572500 0.000000 	0.572500 0.156997 	0.572500 0.644632 	0.572500 0.119874 	0.572500 0.004067 	0.572500 0.000050 
0.577500 0.000000	0.577500 0.000000 	0.577500 0.000001 	0.577500 0.221598 	0.577500 0.585577 	0.577500 0.034044 	0.577500 -0.001167 	0.577500 -0.000036 
0.582500 0.000000	0.582500 0.000000 	0.582500 0.000000 	0.582500 0.108037 	0.582500 0.659983 	0.582500 0.155442 	0.582500 0.006236 	0.582500 0.000087 
0.587500 0.000000	0.587500 0.000000 	0.587500 0.000000 	0.587500 0.158834 	0.587500 0.632641 	0.587500 0.051112 	0.587500 -0.001588 	0.587500 -0.000060 
0.592500 0.000000	0.592500 0.000000 	0.592500 0.000000 	0.592500 0.070756 	0.592500 0.657924 	0.592500 0.197095 	0.592500 0.009385 	0.592500 0.000148 
0.597500 0.000000	0.597500 0.000000 	0.597500 0.000000 	0.597500 0.108448 	0.597500 0.664607 	0.597500 0.073917 	0.597500 -0.002077 	0.597500 -0.000099 
0.602500 0.000000	0.602500 0.000000 	0.602500 0.000000 	0.602500 0.043971 	0.602500 0.638468 	0.602500 0.244363 	0.602500 0.013860 	0.602500 0.000249 
0.607500 0.000000	0.607500 0.000000 	0.607500 0.000000 	0.607500 0.070323 	0.607500 0.678947 	0.607500 0.103298 	0.607500 -0.002591 	0.607500 -0.000161 
0.612500 0.000000	0.612500 0.000000 	0.612500 0.000000 	0.612500 0.025847 	0.612500 0.602940 	0.612500 0.296238 	0.612500 0.020086 	0.612500 0.000411 
0.617500 0.000000	0.617500 0.000000 	0.617500 0.000000 	0.617500 0.043170 	0.617500 0.674448 	0.617500 0.139815 	0.617500 -0.003042 	0.617500 -0.000255 
0.622500 0.000000	0.622500 0.000000 	0.622500 0.000000 	0.622500 0.014324 	0.622500 0.553834 	0.622500 0.351141 	0.622500 0.028562 	0.622500 0.000667 
0.627500 0.000000	0.627500 0.000000 	0.627500 0.000000 	0.627500 0.025003 	0.627500 0.651365 	0.627500 0.183599 	0.627500 -0.003276 	0.627500 -0.000398 
0.632500 0.000000	0.632500 0.000000 	0.632500 0.000000 	0.632500 0.007456 	0.632500 0.494532 	0.632500 0.406959 	0.632500 0.039847 	0.632500 0.001066 
0.637500 0.000000	0.637500 0.000000 	0.637500 0.000000 	0.637500 0.013613 	0.637500 0.611397 	0.637500 0.234209 	0.637500 -0.003055 	0.637500 -0.000610 
0.642500 0.000000	0.642500 0.000000 	0.642500 0.000000 	0.642500 0.003631 	0.642500 0.428943 	0.642500 0.461140 	0.642500 0.054538 	0.642500 0.001677 
0.647500 0.000000	0.647500 0.000000 	0.647500 0.000000 	0.647500 0.006940 	0.647500 0.557490 	0.647500 0.290536 	0.647500 -0.002031 	0.647500 -0.000916 
0.652500 0.000000	0.652500 0.000000 	0.652500 0.000000 	0.652500 0.001648 	0.652500 0.361093 	0.652500 0.510873 	0.652500 0.073227 	0.652500 0.002594 
0.657500 0.000000	0.657500 0.000000 	0.657500 0.000000 	0.657500 0.003298 	0.657500 0.493502 	0.657500 0.350758 	0.657500 0.000267 	0.657500 -0.001348 
0.662500 0.000000	0.662500 0.000000 	0.662500 0.000000 	0.662500 0.000693 	0.662500 0.294726 	0.662500 0.553307 	0.662500 0.096446 	0.662500 0.003948 
0.667500 0.000000	0.667500 0.000000 	0.667500 0.000000 	0.667500 0.001455 	0.667500 0.423776 	0.667500 0.412394 	0.667500 0.004450 	0.667500 -0.001943 
0.672500 0.000000	0.672500 0.000000 	0.672500 0.000000 	0.672500 0.000269 	0.672500 0.232974 	0.672500 0.585811 	0.672500 0.124597 	0.672500 0.005912 
0.677500 0.000000	0.677500 0.000000 	0.677500 0.000000 	0.677500 0.000592 	0.677500 0.352671 	0.677500 0.472434 	0.677500 0.011254 	0.677500 -0.002741 
0.682500 0.000000	0.682500 0.000000 	0.682500 0.000000 	0.682500 0.000096 	0.682500 0.178136 	0.682500 0.606232 	0.682500 0.157875 	0.682500 0.008708 
0.687500 0.000000	0.687500 0.000000 	0.687500 0.000000 	0.687500 0.000221 	0.687500 0.284132 	0.687500 0.527565 	0.687500 0.021524 	0.687500 -0.003782 
0.692500 0.000000	0.692500 0.000000 	0.692500 0.000000 	0.692500 0.000031 	0.692500 0.131573 	0.692500 0.613122 	0.692500 0.196189 	0.692500 0.012616 
0.697500 0.000000	0.697500 0.000000 	0.697500 0.000000 	0.697500 0.000075 	0.697500 0.221341 	0.697500 0.574456 	0.697500 0.036163 	0.697500 -0.005096 
0.702500 0.000000	0.702500 0.000000 	0.702500 0.000000 	0.702500 0.000009 	0.702500 0.093740 	0.702500 0.605893 	0.702500 0.239090 	0.702500 0.017977 
0.707500 0.000000	0.707500 0.000000 	0.707500 0.000000 	0.707500 0.000023 	0.707500 0.166503 	0.707500 0.610080 	0.707500 0.056053 	0.707500 -0.006694 
0.712500 0.000000	0.712500 0.000000 	0.712500 0.000000 	0.712500 0.000002 	0.712500 0.064322 	0.712500 0.584898 	0.712500 0.285724 	0.712500 0.025191 
0.717500 0.000000	0.717500 0.000000 	0.717500 0.000000 	0.717500 0.000006 	0.717500 0.120776 	0.717500 0.632021 	0.717500 0.081965 	0.717500 -0.008556 
0.722500 0.000000	0.722500 0.000000 	0.722500 0.000000 	0.722500 0.000001 	0.722500 0.042439 	0.722500 0.551398 	0.722500 0.334808 	0.722500 0.034712 
0.727500 0.000000	0.727500 0.000000 	0.727500 0.000000 	0.727500 0.000002 	0.727500 0.084349 	0.727500 0.638733 	0.727500 0.114438 	0.727500 -0.010609 
0.732500 0.000000	0.732500 0.000000 	0.732500 0.000000 	0.732500 0.000000 	0.732500 0.026879 	0.732500 0.507444 	0.732500 0.384657 	0.732500 0.047034 
0.737500 0.000000	0.737500 0.000000 	0.737500 0.000000 	0.737500 0.000000 	0.737500 0.056626 	0.737500 0.629713 	0.737500 0.153659 	0.737500 -0.012708 
0.742500 0.000000	0.742500 0.000000 	0.742500 0.000000 	0.742500 0.000000 	0.742500 0.016311 	0.742500 0.455676 	0.742500 0.433256 	0.742500 0.062660 
0.747500 0.000000	0.747500 0.000000 	0.747500 0.000000 	0.747500 0.000000 	0.747500 0.036480 	0.747500 0.605559 	0.747500 0.199354 	0.747500 -0.014613 
0.752500 0.000000	0.752500 0.000000 	0.752500 0.000000 	0.752500 0.000000 	0.752500 0.009466 	0.752500 0.399064 	0.752500 0.478368 	0.752500 0.082069 
0.757500 0.000000	0.757500 0.000000 	0.757500 0.000000 	0.757500 0.000000 	0.757500 0.022512 	0.757500 0.567908 	0.757500 0.250704 	0.757500 -0.015970 
0.762500 0.000000	0.762500 0.000000 	0.762500 0.000000 	0.762500 0.000000 	0.762500 0.005243 	0.762500 0.340631 	0.762500 0.517698 	0.762500 0.105668 
0.767500 0.000000	0.767500 0.000000 	0.767500 0.000000 	0.767500 0.000000 	0.767500 0.013282 	0.767500 0.519260 	0.767500 0.306307 	0.767500 -0.016290 
0.772500 0.000000	0.772500 0.000000 	0.772500 0.000000 	0.772500 0.000000 	0.772500 0.002766 	0.772500 0.283196 	0.772500 0.549073 	0.772500 0.133735 
0.777500 0.000000	0.777500 0.000000 	0.777500 0.000000 	0.777500 0.000000 	0.777500 0.007478 	0.777500 0.462721 	0.777500 0.364198 	0.777500 -0.014947 
0.782500 0.000000	0.782500 0.000000 	0.782500 0.000000 	0.782500 0.000000 	0.782500 0.001386 	0.782500 0.229149 	0.782500 0.570629 	0.782500 0.166359 
0.787500 0.000000	0.787500 0.000000 	0.787500 0.000000 	0.787500 0.000000 	0.787500 0.004008 	0.787500 0.401686 	0.787500 0.421936 	0.787500 -0.011181 
0.792500 0.000000	0.792500 0.000000 	0.792500 0.000000 	0.792500 0.000000 	0.792500 0.000658 	0.792500 0.180305 	0.792500 0.580986 	0.792500 0.203378 
0.797500 0.000000	0.797500 0.000000 	0.797500 0.000000 	0.797500 0.000000 	0.797500 0.002041 	0.797500 0.339513 	0.797500 0.476761 	0.797500 -0.004128 
0.802500 0.000000	0.802500 0.000000 	0.802500 0.000000 	0.802500 0.000000 	0.802500 0.000296 	0.802500 0.137833 	0.802500 0.579388 	0.802500 0.244328 
0.807500 0.000000	0.807500 0.000000 	0.807500 0.000000 	0.807500 0.000000 	0.807500 0.000985 	0.807500 0.279231 	0.807500 0.525796 	0.807500 0.007140 
0.812500 0.000000	0.812500 0.000000 	0.812500 0.000000 	0.812500 0.000000 	0.812500 0.000125 	0.812500 0.102260 	0.812500 0.565787 	0.812500 0.288407 
0.817500 0.000000	0.817500 0.000000 	0.817500 0.000000 	0.817500 0.000000 	0.817500 0.000449 	0.817500 0.223313 	0.817500 0.566287 	0.817500 0.023539 
0.822500 0.000000	0.822500 0.000000 	0.822500 0.000000 	0.822500 0.000000 	0.822500 0.000050 	0.822500 0.073551 	0.822500 0.540859 	0.822500 0.334465 
0.827500 0.000000	0.827500 0.000000 	0.827500 0.000000 	0.827500 0.000000 	0.827500 0.000193 	0.827500 0.173534 	0.827500 0.595855 	0.827500 0.045889 
0.832500 0.000000	0.832500 0.000000 	0.832500 0.000000 	0.832500 0.000000 	0.832500 0.000018 	0.832500 0.051225 	0.832500 0.505947 	0.832500 0.381023 
0.837500 0.000000	0.837500 0.000000 	0.837500 0.000000 	0.837500 0.000000 	0.837500 0.000078 	0.837500 0.130925 	0.837500 0.612716 	0.837500 0.074806 
0.842500 0.000000	0.842500 0.000000 	0.842500 0.000000 	0.842500 0.000000 	0.842500 0.000006 	0.842500 0.034498 	0.842500 0.462952 	0.842500 0.426328 
0.847500 0.000000	0.847500 0.000000 	0.847500 0.000000 	0.847500 0.000000 	0.847500 0.000029 	0.847500 0.095819 	0.847500 0.615855 	0.847500 0.110601 
0.852500 0.000000	0.852500 0.000000 	0.852500 0.000000 	0.852500 0.000000 	0.852500 0.000002 	0.852500 0.022435 	0.852500 0.414157 	0.852500 0.468445 
0.857500 0.000000	0.857500 0.000000 	0.857500 0.000000 	0.857500 0.000000 	0.857500 0.000010 	0.857500 0.067964 	0.857500 0.605127 	0.857500 0.153173 
0.862500 0.000000	0.862500 0.000000 	0.862500 0.000000 	0.862500 0.000000 	0.862500 0.000001 	0.862500 0.014066 	0.862500 0.362033 	0.862500 0.505379 
0.867500 0.000000	0.867500 0.000000 	0.867500 0.000000 	0.867500 0.000000 	0.867500 0.000003 	0.867500 0.046673 	0.867500 0.581268 	0.867500 0.201935 
0.872500 0.000000	0.872500 0.000000 	0.872500 0.000000 	0.872500 0.000000 	0.872500 0.000000 	0.872500 0.008487 	0.872500 0.309031 	0.872500 0.535217 
0.877500 0.000000	0.877500 0.000000 	0.877500 0.000000 	0.877500 0.000000 	0.877500 0.000001 	0.877500 0.031002 	0.877500 0.545819 	0.877500 0.255769 
0.882500 0.000000	0.882500 0.000000 	0.882500 0.000000 	0.882500 0.000000 	0.882500 0.000000 	0.882500 0.004918 	0.882500 0.257395 	0.882500 0.556280 
0.887500 0.000000	0.887500 0.000000 	0.887500 0.000000 	0.887500 0.000000 	0.887500 0.000000 	0.887500 0.019896 	0.887500 0.500974 	0.887500 0.313033 
0.892500 0.000000	0.892500 0.000000 	0.892500 0.000000 	0.892500 0.000000 	0.892500 0.000000 	0.892500 0.002731 	0.892500 0.209008 	0.892500 0.567272 
0.897500 0.000000	0.897500 0.000000 	0.897500 0.000000 	0.897500 0.000000 	0.897500 0.000000 	0.897500 0.012323 	0.897500 0.449365 	0.897500 0.371615 
0.902500 0.000000	0.902500 0.000000 	0.902500 0.000000 	0.902500 0.000000 	0.902500 0.000000 	0.902500 0.001450 	0.902500 0.165291 	0.902500 0.567395 
0.907500 0.000000	0.907500 0.000000 	0.907500 0.000000 	0.907500 0.000000 	0.907500 0.000000 	0.907500 0.007358 	0.907500 0.393820 	0.907500 0.429051 
0.912500 0.000000	0.912500 0.000000 	0.912500 0.000000 	0.912500 0.000000 	0.912500 0.000000 	0.912500 0.000733 	0.912500 0.127159 	0.912500 0.556440 
0.917500 0.000000	0.917500 0.000000 	0.917500 0.000000 	0.917500 0.000000 	0.917500 0.000000 	0.917500 0.004229 	0.917500 0.337120 	0.917500 0.482686 
0.922500 0.000000	0.922500 0.000000 	0.922500 0.000000 	0.922500 0.000000 	0.922500 0.000000 	0.922500 0.000352 	0.922500 0.095025 	0.922500 0.534814 
0.927500 0.000000	0.927500 0.000000 	0.927500 0.000000 	0.927500 0.000000 	0.927500 0.000000 	0.927500 0.002337 	0.927500 0.281779 	0.927500 0.529864 
0.932500 0.000000	0.932500 0.000000 	0.932500 0.000000 	0.932500 0.000000 	0.932500 0.000000 	0.932500 0.000159 	0.932500 0.068864 	0.932500 0.503525 
0.937500 0.000000	0.937500 0.000000 	0.937500 0.000000 	0.937500 0.000000 	0.937500 0.000000 	0.937500 0.001240 	0.937500 0.229879 	0.937500 0.568148 
0.942500 0.000000	0.942500 0.000000 	0.942500 0.000000 	0.942500 0.000000 	0.942500 0.000000 	0.942500 0.000067 	0.942500 0.048295 	0.942500 0.464100 
0.947500 0.000000	0.947500 0.000000 	0.947500 0.000000 	0.947500 0.000000 	0.947500 0.000000 	0.947500 0.000631 	0.947500 0.182964 	0.947500 0.595518 
0.952500 0.000000	0.952500 0.000000 	0.952500 0.000000 	0.952500 0.000000 	0.952500 0.000000 	0.952500 0.000027 	0.952500 0.032691 	0.952500 0.418472 
0.957500 0.000000	0.957500 0.000000 	0.957500 0.000000 	0.957500 0.000000 	0.957500 0.000000 	0.957500 0.000307 	0.957500 0.142003 	0.957500 0.610543 
0.962500 0.000000	0.962500 0.000000 	0.962500 0.000000 	0.962500 0.000000 	0.962500 0.000000 	0.962500 0.000009 	0.962500 0.021286 	0.962500 0.368825 
0.967500 0.000000	0.967500 0.000000 	0.967500 0.000000 	0.967500 0.000000 	0.967500 0.000000 	0.967500 0.000143 	0.967500 0.107416 	0.967500 0.612483 
0.972500 0.000000	0.972500 0.000000 	0.972500 0.000000 	0.972500 0.000000 	0.972500 0.000000 	0.972500 0.000003 	0.972500 0.013274 	0.972500 0.317529 
0.977500 0.000000	0.977500 0.000000 	0.977500 0.000000 	0.977500 0.000000 	0.977500 0.000000 	0.977500 0.000064 	0.977500 0.079132 	0.977500 0.601059 
0.982500 0.000000	0.982500 0.000000 	0.982500 0.000000 	0.982500 0.000000 	0.982500 -0.000000 	0.982500 0.000001 	0.982500 0.007966 	0.982500 0.268264 
0.987500 0.000000	0.987500 0.000000 	0.987500 0.000000 	0.987500 0.000000 	0.987500 0.000000 	0.987500 0.000027 	0.987500 0.056484 	0.987500 0.572740 
0.992500 0.000000	0.992500 0.000000 	0.992500 0.000000 	0.992500 0.000000 	0.992500 -0.000000 	0.992500 0.000000 	0.992500 0.006208 	0.992500 0.242166 
	0.997500 0.000000 	0.997500 0.000000 	0.997500 0.000000 	0.997500 0.000000 	0.997500 0.000010 	0.997500 0.034406 	0.997500 0.474925 
