0.002500 0.000000 
0.007500 0.000000 
0.012500 0.000000 
0.017500 0.000000 
0.022500 0.000000 
0.027500 0.000000 
0.032500 0.000000 
0.037500 0.000000 
0.042500 0.000000 
0.047500 0.000000 
0.052500 0.000000 
0.057500 0.000000 
0.062500 0.000000 
0.067500 0.000000 
0.072500 0.000000 
0.077500 0.000000 
0.082500 0.000000 
0.087500 0.000000 
0.092500 0.000000 
0.097500 0.000000 
0.102500 0.000000 
0.107500 0.000000 
0.112500 0.000000 
0.117500 0.000000 
0.122500 0.000000 
0.127500 0.000000 
0.132500 0.000000 
0.137500 0.000000 
0.142500 0.000000 
0.147500 0.000000 
0.152500 0.000000 
0.157500 0.000000 
0.162500 0.000000 
0.167500 0.000000 
0.172500 0.000000 
0.177500 0.000000 
0.182500 0.000000 
0.187500 0.000000 
0.192500 0.000001 
0.197500 0.000001 
0.202500 0.000002 
0.207500 0.000002 
0.212500 0.000004 
0.217500 0.000006 
0.222500 0.000010 
0.227500 0.000014 
0.232500 0.000022 
0.237500 0.000033 
0.242500 0.000051 
0.247500 0.000075 
0.252500 0.000113 
0.257500 0.000162 
0.262500 0.000241 
0.267500 0.000341 
0.272500 0.000498 
0.277500 0.000692 
0.282500 0.000993 
0.287500 0.001357 
0.292500 0.001914 
0.297500 0.002573 
0.302500 0.003565 
0.307500 0.004713 
0.312500 0.006413 
0.317500 0.008341 
0.322500 0.011147 
0.327500 0.014260 
0.332500 0.018716 
0.337500 0.023549 
0.342500 0.030352 
0.347500 0.037564 
0.352500 0.047542 
0.357500 0.057875 
0.362500 0.071922 
0.367500 0.086123 
0.372500 0.105091 
0.377500 0.123790 
0.382500 0.148322 
0.387500 0.171885 
0.392500 0.202230 
0.397500 0.230590 
0.402500 0.266421 
0.407500 0.298946 
0.412500 0.339219 
0.417500 0.374642 
0.422500 0.417559 
0.427500 0.454003 
0.432500 0.497096 
0.437500 0.532214 
0.442500 0.572556 
0.447500 0.603771 
0.452500 0.638298 
0.457500 0.663108 
0.462500 0.688988 
0.467500 0.705282 
0.472500 0.720279 
0.477500 0.726605 
0.482500 0.729362 
0.487500 0.725114 
0.492500 0.715323 
0.497500 0.700810 
0.502500 0.679244 
0.507500 0.655650 
0.512500 0.624066 
0.517500 0.593301 
0.522500 0.554225 
0.527500 0.518702 
0.532500 0.475137 
0.537500 0.437489 
0.542500 0.392567 
0.547500 0.355352 
0.552500 0.311980 
0.557500 0.277401 
0.562500 0.237962 
0.567500 0.207650 
0.572500 0.173782 
0.577500 0.148681 
0.582500 0.121195 
0.587500 0.101562 
0.592500 0.080490 
0.597500 0.066000 
0.602500 0.050757 
0.607500 0.040681 
0.612500 0.030295 
0.617500 0.023709 
0.622500 0.017058 
0.627500 0.013021 
0.632500 0.009028 
0.637500 0.006714 
0.642500 0.004474 
0.647500 0.003238 
0.652500 0.002067 
0.657500 0.001454 
0.662500 0.000886 
0.667500 0.000605 
0.672500 0.000350 
0.677500 0.000232 
0.682500 0.000127 
0.687500 0.000081 
0.692500 0.000042 
0.697500 0.000026 
0.702500 0.000013 
0.707500 0.000007 
0.712500 0.000003 
0.717500 0.000002 
0.722500 0.000001 
0.727500 0.000000 
0.732500 0.000000 
0.737500 0.000000 
0.742500 0.000000 
0.747500 0.000000 
0.752500 0.000000 
0.757500 0.000000 
0.762500 0.000000 
0.767500 0.000000 
0.772500 0.000000 
0.777500 0.000000 
0.782500 0.000000 
0.787500 0.000000 
0.792500 0.000000 
0.797500 0.000000 
0.802500 0.000000 
0.807500 0.000000 
0.812500 0.000000 
0.817500 0.000000 
0.822500 0.000000 
0.827500 0.000000 
0.832500 0.000000 
0.837500 0.000000 
0.842500 0.000000 
0.847500 0.000000 
0.852500 0.000000 
0.857500 0.000000 
0.862500 0.000000 
0.867500 0.000000 
0.872500 0.000000 
0.877500 0.000000 
0.882500 0.000000 
0.887500 0.000000 
0.892500 0.000000 
0.897500 0.000000 
0.902500 0.000000 
0.907500 0.000000 
0.912500 0.000000 
0.917500 0.000000 
0.922500 0.000000 
0.927500 0.000000 
0.932500 0.000000 
0.937500 0.000000 
0.942500 0.000000 
0.947500 0.000000 
0.952500 0.000000 
0.957500 0.000000 
0.962500 0.000000 
0.967500 0.000000 
0.972500 0.000000 
0.977500 0.000000 
0.982500 0.000000 
0.987500 0.000000 
0.992500 0.000000 
0.997500 0.000000 
