0.002500 0.000000 
0.007500 0.000000 
0.012500 0.000000 
0.017500 0.000000 
0.022500 0.000000 
0.027500 0.000000 
0.032500 0.000000 
0.037500 0.000000 
0.042500 0.000000 
0.047500 0.000000 
0.052500 0.000000 
0.057500 0.000000 
0.062500 0.000000 
0.067500 0.000000 
0.072500 0.000000 
0.077500 0.000000 
0.082500 0.000000 
0.087500 0.000000 
0.092500 0.000000 
0.097500 0.000000 
0.102500 0.000000 
0.107500 0.000000 
0.112500 0.000000 
0.117500 0.000000 
0.122500 0.000000 
0.127500 0.000000 
0.132500 0.000000 
0.137500 0.000000 
0.142500 0.000000 
0.147500 0.000000 
0.152500 0.000000 
0.157500 0.000000 
0.162500 0.000000 
0.167500 0.000000 
0.172500 0.000000 
0.177500 0.000000 
0.182500 0.000000 
0.187500 0.000000 
0.192500 0.000000 
0.197500 0.000000 
0.202500 0.000000 
0.207500 0.000000 
0.212500 0.000000 
0.217500 0.000000 
0.222500 0.000000 
0.227500 0.000000 
0.232500 0.000000 
0.237500 0.000000 
0.242500 0.000000 
0.247500 0.000000 
0.252500 0.000000 
0.257500 0.000000 
0.262500 0.000000 
0.267500 0.000001 
0.272500 0.000001 
0.277500 0.000001 
0.282500 0.000002 
0.287500 0.000003 
0.292500 0.000004 
0.297500 0.000007 
0.302500 0.000010 
0.307500 0.000014 
0.312500 0.000021 
0.317500 0.000030 
0.322500 0.000043 
0.327500 0.000060 
0.332500 0.000086 
0.337500 0.000120 
0.342500 0.000169 
0.347500 0.000233 
0.352500 0.000324 
0.357500 0.000441 
0.362500 0.000605 
0.367500 0.000812 
0.372500 0.001100 
0.377500 0.001457 
0.382500 0.001947 
0.387500 0.002546 
0.392500 0.003356 
0.397500 0.004332 
0.402500 0.005634 
0.407500 0.007179 
0.412500 0.009209 
0.417500 0.011582 
0.422500 0.014657 
0.427500 0.018193 
0.432500 0.022713 
0.437500 0.027824 
0.442500 0.034265 
0.447500 0.041428 
0.452500 0.050324 
0.457500 0.060047 
0.462500 0.071949 
0.467500 0.084727 
0.472500 0.100137 
0.477500 0.116380 
0.482500 0.135671 
0.487500 0.155621 
0.492500 0.178943 
0.497500 0.202586 
0.502500 0.229772 
0.507500 0.256756 
0.512500 0.287250 
0.517500 0.316836 
0.522500 0.349650 
0.527500 0.380701 
0.532500 0.414434 
0.537500 0.445459 
0.542500 0.478368 
0.547500 0.507624 
0.552500 0.537760 
0.557500 0.563401 
0.562500 0.588790 
0.567500 0.609054 
0.572500 0.627899 
0.577500 0.641295 
0.582500 0.652177 
0.587500 0.657659 
0.592500 0.659703 
0.597500 0.656795 
0.602500 0.649777 
0.607500 0.638631 
0.612500 0.623006 
0.617500 0.604393 
0.622500 0.581253 
0.627500 0.556474 
0.632500 0.527424 
0.637500 0.498170 
0.642500 0.465153 
0.647500 0.433325 
0.652500 0.398418 
0.657500 0.365925 
0.662500 0.331127 
0.667500 0.299705 
0.672500 0.266758 
0.677500 0.237824 
0.682500 0.208071 
0.687500 0.182625 
0.692500 0.156941 
0.697500 0.135535 
0.702500 0.114316 
0.707500 0.097080 
0.712500 0.080297 
0.717500 0.067013 
0.722500 0.054307 
0.727500 0.044512 
0.732500 0.035308 
0.737500 0.028403 
0.742500 0.022031 
0.747500 0.017382 
0.752500 0.013169 
0.757500 0.010183 
0.762500 0.007527 
0.767500 0.005700 
0.772500 0.004105 
0.777500 0.003043 
0.782500 0.002132 
0.787500 0.001545 
0.792500 0.001052 
0.797500 0.000745 
0.802500 0.000492 
0.807500 0.000340 
0.812500 0.000218 
0.817500 0.000147 
0.822500 0.000091 
0.827500 0.000060 
0.832500 0.000035 
0.837500 0.000023 
0.842500 0.000013 
0.847500 0.000008 
0.852500 0.000004 
0.857500 0.000003 
0.862500 0.000001 
0.867500 0.000001 
0.872500 0.000000 
0.877500 0.000000 
0.882500 0.000000 
0.887500 0.000000 
0.892500 0.000000 
0.897500 0.000000 
0.902500 0.000000 
0.907500 0.000000 
0.912500 0.000000 
0.917500 0.000000 
0.922500 0.000000 
0.927500 0.000000 
0.932500 0.000000 
0.937500 0.000000 
0.942500 0.000000 
0.947500 0.000000 
0.952500 0.000000 
0.957500 0.000000 
0.962500 0.000000 
0.967500 0.000000 
0.972500 0.000000 
0.977500 0.000000 
0.982500 0.000000 
0.987500 0.000000 
0.992500 0.000000 
0.997500 0.000000 
