0.002500 0.000000 
0.007500 0.000000 
0.012500 0.000000 
0.017500 0.000000 
0.022500 0.000000 
0.027500 0.000000 
0.032500 0.000000 
0.037500 0.000000 
0.042500 0.000000 
0.047500 0.000000 
0.052500 0.000000 
0.057500 0.000000 
0.062500 0.000000 
0.067500 0.000000 
0.072500 0.000001 
0.077500 0.000002 
0.082500 0.000006 
0.087500 0.000010 
0.092500 0.000026 
0.097500 0.000040 
0.102500 0.000098 
0.107500 0.000147 
0.112500 0.000342 
0.117500 0.000498 
0.122500 0.001087 
0.127500 0.001533 
0.132500 0.003143 
0.137500 0.004297 
0.142500 0.008280 
0.147500 0.010970 
0.152500 0.019871 
0.157500 0.025515 
0.162500 0.043433 
0.167500 0.054058 
0.172500 0.086459 
0.177500 0.104339 
0.182500 0.156770 
0.187500 0.183546 
0.192500 0.259113 
0.197500 0.294590 
0.202500 0.391019 
0.207500 0.432295 
0.212500 0.540402 
0.217500 0.582147 
0.222500 0.687484 
0.227500 0.723616 
0.232500 0.811252 
0.237500 0.837186 
0.242500 0.897024 
0.247500 0.911019 
0.252500 0.940096 
0.257500 0.942770 
0.262500 0.943151 
0.267500 0.935751 
0.272500 0.910208 
0.277500 0.893239 
0.282500 0.842680 
0.287500 0.816068 
0.292500 0.740817 
0.297500 0.705342 
0.302500 0.608883 
0.307500 0.567558 
0.312500 0.459256 
0.317500 0.417354 
0.322500 0.311429 
0.327500 0.274851 
0.332500 0.185605 
0.337500 0.158517 
0.342500 0.094696 
0.347500 0.078011 
0.352500 0.040033 
0.357500 0.031715 
0.362500 0.013416 
0.367500 0.010191 
0.372500 0.003332 
0.377500 0.002420 
0.382500 0.000544 
0.387500 0.000377 
0.392500 0.000044 
0.397500 0.000029 
0.402500 0.000000 
0.407500 0.000000 
0.412500 0.000000 
0.417500 0.000000 
0.422500 0.000000 
0.427500 0.000000 
0.432500 0.000000 
0.437500 0.000000 
0.442500 0.000000 
0.447500 0.000000 
0.452500 0.000000 
0.457500 0.000000 
0.462500 0.000000 
0.467500 0.000000 
0.472500 0.000000 
0.477500 0.000000 
0.482500 0.000000 
0.487500 0.000000 
0.492500 0.000000 
0.497500 0.000000 
0.502500 0.000000 
0.507500 0.000000 
0.512500 0.000000 
0.517500 0.000000 
0.522500 0.000000 
0.527500 0.000000 
0.532500 0.000000 
0.537500 0.000000 
0.542500 0.000000 
0.547500 0.000000 
0.552500 0.000000 
0.557500 0.000000 
0.562500 0.000000 
0.567500 0.000000 
0.572500 0.000000 
0.577500 0.000000 
0.582500 0.000000 
0.587500 0.000000 
0.592500 0.000000 
0.597500 0.000000 
0.602500 0.000000 
0.607500 0.000000 
0.612500 0.000000 
0.617500 0.000000 
0.622500 0.000000 
0.627500 0.000000 
0.632500 0.000000 
0.637500 0.000000 
0.642500 0.000000 
0.647500 0.000000 
0.652500 0.000000 
0.657500 0.000000 
0.662500 0.000000 
0.667500 0.000000 
0.672500 0.000000 
0.677500 0.000000 
0.682500 0.000000 
0.687500 0.000000 
0.692500 0.000000 
0.697500 0.000000 
0.702500 0.000000 
0.707500 0.000000 
0.712500 0.000000 
0.717500 0.000000 
0.722500 0.000000 
0.727500 0.000000 
0.732500 0.000000 
0.737500 0.000000 
0.742500 0.000000 
0.747500 0.000000 
0.752500 0.000000 
0.757500 0.000000 
0.762500 0.000000 
0.767500 0.000000 
0.772500 0.000000 
0.777500 0.000000 
0.782500 0.000000 
0.787500 0.000000 
0.792500 0.000000 
0.797500 0.000000 
0.802500 0.000000 
0.807500 0.000000 
0.812500 0.000000 
0.817500 0.000000 
0.822500 0.000000 
0.827500 0.000000 
0.832500 0.000000 
0.837500 0.000000 
0.842500 0.000000 
0.847500 0.000000 
0.852500 0.000000 
0.857500 0.000000 
0.862500 0.000000 
0.867500 0.000000 
0.872500 0.000000 
0.877500 0.000000 
0.882500 0.000000 
0.887500 0.000000 
0.892500 0.000000 
0.897500 0.000000 
0.902500 0.000000 
0.907500 0.000000 
0.912500 0.000000 
0.917500 0.000000 
0.922500 0.000000 
0.927500 0.000000 
0.932500 0.000000 
0.937500 0.000000 
0.942500 0.000000 
0.947500 0.000000 
0.952500 0.000000 
0.957500 0.000000 
0.962500 0.000000 
0.967500 0.000000 
0.972500 0.000000 
0.977500 0.000000 
0.982500 0.000000 
0.987500 0.000000 
0.992500 0.000000 
0.997500 0.000000 
