0.002500 0.000000 
0.007500 0.000000 
0.012500 0.000000 
0.017500 0.000000 
0.022500 0.000000 
0.027500 0.000000 
0.032500 0.000000 
0.037500 0.000000 
0.042500 0.000000 
0.047500 0.000000 
0.052500 0.000000 
0.057500 0.000000 
0.062500 0.000000 
0.067500 0.000000 
0.072500 0.000000 
0.077500 0.000000 
0.082500 0.000000 
0.087500 0.000000 
0.092500 0.000000 
0.097500 0.000000 
0.102500 0.000000 
0.107500 0.000000 
0.112500 0.000000 
0.117500 0.000000 
0.122500 0.000000 
0.127500 0.000000 
0.132500 0.000000 
0.137500 0.000000 
0.142500 0.000000 
0.147500 0.000000 
0.152500 0.000000 
0.157500 0.000000 
0.162500 0.000000 
0.167500 0.000000 
0.172500 0.000000 
0.177500 0.000000 
0.182500 0.000000 
0.187500 0.000000 
0.192500 0.000000 
0.197500 0.000000 
0.202500 0.000000 
0.207500 0.000000 
0.212500 0.000000 
0.217500 0.000000 
0.222500 0.000000 
0.227500 0.000000 
0.232500 0.000000 
0.237500 0.000000 
0.242500 0.000000 
0.247500 0.000000 
0.252500 0.000000 
0.257500 0.000000 
0.262500 0.000000 
0.267500 0.000000 
0.272500 0.000000 
0.277500 0.000000 
0.282500 0.000000 
0.287500 0.000000 
0.292500 0.000000 
0.297500 0.000000 
0.302500 0.000000 
0.307500 0.000000 
0.312500 0.000000 
0.317500 0.000000 
0.322500 0.000000 
0.327500 0.000000 
0.332500 0.000000 
0.337500 0.000000 
0.342500 0.000000 
0.347500 0.000000 
0.352500 0.000000 
0.357500 0.000000 
0.362500 0.000000 
0.367500 0.000000 
0.372500 0.000000 
0.377500 0.000000 
0.382500 0.000000 
0.387500 0.000000 
0.392500 0.000000 
0.397500 0.000000 
0.402500 0.000000 
0.407500 0.000000 
0.412500 0.000000 
0.417500 0.000000 
0.422500 0.000000 
0.427500 0.000000 
0.432500 0.000001 
0.437500 0.000001 
0.442500 0.000001 
0.447500 0.000002 
0.452500 0.000003 
0.457500 0.000004 
0.462500 0.000005 
0.467500 0.000007 
0.472500 0.000010 
0.477500 0.000014 
0.482500 0.000019 
0.487500 0.000026 
0.492500 0.000035 
0.497500 0.000047 
0.502500 0.000063 
0.507500 0.000083 
0.512500 0.000111 
0.517500 0.000146 
0.522500 0.000193 
0.527500 0.000252 
0.532500 0.000330 
0.537500 0.000427 
0.542500 0.000553 
0.547500 0.000710 
0.552500 0.000910 
0.557500 0.001159 
0.562500 0.001472 
0.567500 0.001857 
0.572500 0.002337 
0.577500 0.002922 
0.582500 0.003644 
0.587500 0.004514 
0.592500 0.005578 
0.597500 0.006847 
0.602500 0.008382 
0.607500 0.010193 
0.612500 0.012364 
0.617500 0.014898 
0.622500 0.017902 
0.627500 0.021372 
0.632500 0.025443 
0.637500 0.030093 
0.642500 0.035491 
0.647500 0.041589 
0.652500 0.048592 
0.657500 0.056411 
0.662500 0.065292 
0.667500 0.075093 
0.672500 0.086100 
0.677500 0.098100 
0.682500 0.111421 
0.687500 0.125765 
0.692500 0.141496 
0.697500 0.158216 
0.702500 0.176326 
0.707500 0.195314 
0.712500 0.215610 
0.717500 0.236586 
0.722500 0.258696 
0.727500 0.281194 
0.732500 0.304553 
0.737500 0.327920 
0.742500 0.351778 
0.747500 0.375194 
0.752500 0.398650 
0.757500 0.421164 
0.762500 0.443210 
0.767500 0.463799 
0.772500 0.483388 
0.777500 0.501030 
0.782500 0.517153 
0.787500 0.530908 
0.792500 0.542681 
0.797500 0.551767 
0.802500 0.558503 
0.807500 0.562375 
0.812500 0.563651 
0.817500 0.562044 
0.822500 0.557745 
0.827500 0.550708 
0.832500 0.541036 
0.837500 0.528931 
0.842500 0.514396 
0.847500 0.497864 
0.852500 0.479235 
0.857500 0.459146 
0.862500 0.437388 
0.867500 0.414761 
0.872500 0.390953 
0.877500 0.366876 
0.882500 0.342121 
0.887500 0.317661 
0.892500 0.293005 
0.897500 0.269134 
0.902500 0.245492 
0.907500 0.223024 
0.912500 0.201131 
0.917500 0.180685 
0.922500 0.161065 
0.927500 0.143044 
0.932500 0.126005 
0.937500 0.110605 
0.942500 0.096252 
0.947500 0.083484 
0.952500 0.071750 
0.957500 0.061476 
0.962500 0.052164 
0.967500 0.044139 
0.972500 0.036966 
0.977500 0.030882 
0.982500 0.025526 
0.987500 0.021082 
0.992500 0.017343 
0.997500 0.014777 
