0.002500 0.000000 
0.007500 0.000000 
0.012500 0.000000 
0.017500 0.000000 
0.022500 0.000000 
0.027500 0.000000 
0.032500 0.000000 
0.037500 0.000000 
0.042500 0.000000 
0.047500 0.000000 
0.052500 0.000000 
0.057500 0.000000 
0.062500 0.000000 
0.067500 0.000000 
0.072500 0.000000 
0.077500 0.000000 
0.082500 0.000000 
0.087500 0.000000 
0.092500 0.000000 
0.097500 0.000000 
0.102500 0.000000 
0.107500 0.000000 
0.112500 0.000000 
0.117500 0.000000 
0.122500 0.000000 
0.127500 0.000000 
0.132500 0.000000 
0.137500 0.000000 
0.142500 0.000000 
0.147500 0.000000 
0.152500 0.000000 
0.157500 0.000000 
0.162500 0.000000 
0.167500 0.000000 
0.172500 0.000000 
0.177500 0.000000 
0.182500 0.000000 
0.187500 0.000000 
0.192500 0.000000 
0.197500 0.000000 
0.202500 0.000000 
0.207500 0.000000 
0.212500 0.000000 
0.217500 0.000000 
0.222500 0.000000 
0.227500 0.000000 
0.232500 0.000000 
0.237500 0.000000 
0.242500 0.000000 
0.247500 0.000000 
0.252500 0.000000 
0.257500 0.000000 
0.262500 0.000000 
0.267500 0.000000 
0.272500 0.000000 
0.277500 0.000000 
0.282500 0.000000 
0.287500 0.000000 
0.292500 0.000000 
0.297500 0.000000 
0.302500 0.000000 
0.307500 0.000000 
0.312500 0.000000 
0.317500 0.000000 
0.322500 0.000000 
0.327500 0.000000 
0.332500 0.000000 
0.337500 0.000000 
0.342500 0.000000 
0.347500 0.000001 
0.352500 0.000001 
0.357500 0.000001 
0.362500 0.000002 
0.367500 0.000003 
0.372500 0.000004 
0.377500 0.000005 
0.382500 0.000008 
0.387500 0.000011 
0.392500 0.000015 
0.397500 0.000021 
0.402500 0.000030 
0.407500 0.000041 
0.412500 0.000057 
0.417500 0.000078 
0.422500 0.000106 
0.427500 0.000143 
0.432500 0.000194 
0.437500 0.000259 
0.442500 0.000347 
0.447500 0.000459 
0.452500 0.000608 
0.457500 0.000795 
0.462500 0.001042 
0.467500 0.001349 
0.472500 0.001748 
0.477500 0.002240 
0.482500 0.002870 
0.487500 0.003639 
0.492500 0.004612 
0.497500 0.005784 
0.502500 0.007252 
0.507500 0.008997 
0.512500 0.011157 
0.517500 0.013693 
0.522500 0.016795 
0.527500 0.020389 
0.532500 0.024733 
0.537500 0.029700 
0.542500 0.035631 
0.547500 0.042323 
0.552500 0.050216 
0.557500 0.058998 
0.562500 0.069227 
0.567500 0.080449 
0.572500 0.093352 
0.577500 0.107304 
0.582500 0.123134 
0.587500 0.139995 
0.592500 0.158865 
0.597500 0.178650 
0.602500 0.200479 
0.607500 0.222990 
0.612500 0.247454 
0.617500 0.272242 
0.622500 0.298748 
0.627500 0.325095 
0.632500 0.352774 
0.637500 0.379706 
0.642500 0.407443 
0.647500 0.433775 
0.652500 0.460267 
0.657500 0.484675 
0.662500 0.508525 
0.667500 0.529656 
0.672500 0.549488 
0.677500 0.566070 
0.682500 0.580657 
0.687500 0.591626 
0.692500 0.600006 
0.697500 0.604615 
0.702500 0.606194 
0.707500 0.604088 
0.712500 0.598709 
0.717500 0.589971 
0.722500 0.577927 
0.727500 0.563073 
0.732500 0.545090 
0.737500 0.525019 
0.742500 0.502180 
0.747500 0.478088 
0.752500 0.451731 
0.757500 0.424996 
0.762500 0.396585 
0.767500 0.368635 
0.772500 0.339629 
0.777500 0.311825 
0.782500 0.283556 
0.787500 0.257078 
0.792500 0.230654 
0.797500 0.206430 
0.802500 0.182672 
0.807500 0.161333 
0.812500 0.140749 
0.817500 0.122626 
0.822500 0.105423 
0.827500 0.090571 
0.832500 0.076695 
0.837500 0.064948 
0.842500 0.054145 
0.847500 0.045177 
0.852500 0.037059 
0.857500 0.030453 
0.862500 0.024566 
0.867500 0.019872 
0.872500 0.015756 
0.877500 0.012541 
0.882500 0.009766 
0.887500 0.007645 
0.892500 0.005844 
0.897500 0.004497 
0.902500 0.003372 
0.907500 0.002549 
0.912500 0.001874 
0.917500 0.001391 
0.922500 0.001001 
0.927500 0.000729 
0.932500 0.000514 
0.937500 0.000367 
0.942500 0.000253 
0.947500 0.000177 
0.952500 0.000119 
0.957500 0.000082 
0.962500 0.000054 
0.967500 0.000036 
0.972500 0.000023 
0.977500 0.000015 
0.982500 0.000009 
0.987500 0.000006 
0.992500 0.000004 
0.997500 0.000002 
