0.002500 0.000000 
0.007500 0.000000 
0.012500 0.000000 
0.017500 0.000000 
0.022500 0.000000 
0.027500 0.000000 
0.032500 0.000000 
0.037500 0.000000 
0.042500 0.000000 
0.047500 0.000000 
0.052500 0.000000 
0.057500 0.000000 
0.062500 0.000000 
0.067500 0.000000 
0.072500 0.000000 
0.077500 0.000000 
0.082500 0.000000 
0.087500 0.000000 
0.092500 0.000000 
0.097500 0.000000 
0.102500 0.000000 
0.107500 0.000000 
0.112500 0.000000 
0.117500 0.000000 
0.122500 0.000001 
0.127500 0.000001 
0.132500 0.000002 
0.137500 0.000003 
0.142500 0.000005 
0.147500 0.000008 
0.152500 0.000015 
0.157500 0.000023 
0.162500 0.000040 
0.167500 0.000061 
0.172500 0.000105 
0.177500 0.000155 
0.182500 0.000261 
0.187500 0.000379 
0.192500 0.000619 
0.197500 0.000881 
0.202500 0.001398 
0.207500 0.001948 
0.212500 0.003008 
0.217500 0.004100 
0.222500 0.006158 
0.227500 0.008210 
0.232500 0.011993 
0.237500 0.015643 
0.242500 0.022222 
0.247500 0.028355 
0.252500 0.039163 
0.257500 0.048891 
0.262500 0.065649 
0.267500 0.080188 
0.272500 0.104673 
0.277500 0.125120 
0.282500 0.158779 
0.287500 0.185780 
0.292500 0.229220 
0.297500 0.262622 
0.302500 0.315114 
0.307500 0.353693 
0.312500 0.412865 
0.317500 0.454262 
0.322500 0.516138 
0.327500 0.557080 
0.332500 0.616533 
0.337500 0.653311 
0.342500 0.704846 
0.347500 0.733926 
0.352500 0.772577 
0.357500 0.791150 
0.362500 0.813226 
0.367500 0.819580 
0.372500 0.823087 
0.377500 0.816720 
0.382500 0.801456 
0.387500 0.783017 
0.392500 0.750436 
0.397500 0.721588 
0.402500 0.674591 
0.407500 0.637857 
0.412500 0.580541 
0.417500 0.539109 
0.422500 0.476430 
0.427500 0.433843 
0.432500 0.371080 
0.437500 0.330786 
0.442500 0.272824 
0.447500 0.237646 
0.452500 0.188223 
0.457500 0.159923 
0.462500 0.121082 
0.467500 0.100170 
0.472500 0.072134 
0.477500 0.058004 
0.482500 0.039504 
0.487500 0.030823 
0.492500 0.019725 
0.497500 0.014908 
0.502500 0.008897 
0.507500 0.006502 
0.512500 0.003585 
0.517500 0.002529 
0.522500 0.001274 
0.527500 0.000866 
0.532500 0.000393 
0.537500 0.000257 
0.542500 0.000103 
0.547500 0.000065 
0.552500 0.000022 
0.557500 0.000013 
0.562500 0.000004 
0.567500 0.000002 
0.572500 0.000000 
0.577500 0.000000 
0.582500 0.000000 
0.587500 0.000000 
0.592500 0.000000 
0.597500 0.000000 
0.602500 0.000000 
0.607500 0.000000 
0.612500 0.000000 
0.617500 0.000000 
0.622500 0.000000 
0.627500 0.000000 
0.632500 0.000000 
0.637500 0.000000 
0.642500 0.000000 
0.647500 0.000000 
0.652500 0.000000 
0.657500 0.000000 
0.662500 0.000000 
0.667500 0.000000 
0.672500 0.000000 
0.677500 0.000000 
0.682500 0.000000 
0.687500 0.000000 
0.692500 0.000000 
0.697500 0.000000 
0.702500 0.000000 
0.707500 0.000000 
0.712500 0.000000 
0.717500 0.000000 
0.722500 0.000000 
0.727500 0.000000 
0.732500 0.000000 
0.737500 0.000000 
0.742500 0.000000 
0.747500 0.000000 
0.752500 0.000000 
0.757500 0.000000 
0.762500 0.000000 
0.767500 0.000000 
0.772500 0.000000 
0.777500 0.000000 
0.782500 0.000000 
0.787500 0.000000 
0.792500 0.000000 
0.797500 0.000000 
0.802500 0.000000 
0.807500 0.000000 
0.812500 0.000000 
0.817500 0.000000 
0.822500 0.000000 
0.827500 0.000000 
0.832500 0.000000 
0.837500 0.000000 
0.842500 0.000000 
0.847500 0.000000 
0.852500 0.000000 
0.857500 0.000000 
0.862500 0.000000 
0.867500 0.000000 
0.872500 0.000000 
0.877500 0.000000 
0.882500 0.000000 
0.887500 0.000000 
0.892500 0.000000 
0.897500 0.000000 
0.902500 0.000000 
0.907500 0.000000 
0.912500 0.000000 
0.917500 0.000000 
0.922500 0.000000 
0.927500 0.000000 
0.932500 0.000000 
0.937500 0.000000 
0.942500 0.000000 
0.947500 0.000000 
0.952500 0.000000 
0.957500 0.000000 
0.962500 0.000000 
0.967500 0.000000 
0.972500 0.000000 
0.977500 0.000000 
0.982500 0.000000 
0.987500 0.000000 
0.992500 0.000000 
0.997500 0.000000 
