0.002500 0.000000 
0.007500 0.000000 
0.012500 0.000000 
0.017500 0.000000 
0.022500 0.000000 
0.027500 0.000000 
0.032500 0.000000 
0.037500 0.000000 
0.042500 0.000000 
0.047500 0.000000 
0.052500 0.000000 
0.057500 0.000000 
0.062500 0.000000 
0.067500 0.000000 
0.072500 0.000000 
0.077500 0.000000 
0.082500 0.000000 
0.087500 0.000000 
0.092500 0.000000 
0.097500 0.000000 
0.102500 0.000000 
0.107500 0.000000 
0.112500 0.000000 
0.117500 0.000000 
0.122500 0.000000 
0.127500 0.000000 
0.132500 0.000000 
0.137500 0.000000 
0.142500 0.000000 
0.147500 0.000000 
0.152500 0.000000 
0.157500 0.000000 
0.162500 0.000000 
0.167500 0.000000 
0.172500 0.000000 
0.177500 0.000000 
0.182500 0.000000 
0.187500 0.000000 
0.192500 0.000000 
0.197500 0.000000 
0.202500 0.000000 
0.207500 0.000000 
0.212500 0.000000 
0.217500 0.000000 
0.222500 0.000000 
0.227500 0.000000 
0.232500 0.000000 
0.237500 0.000000 
0.242500 0.000000 
0.247500 0.000000 
0.252500 0.000000 
0.257500 0.000000 
0.262500 0.000000 
0.267500 0.000000 
0.272500 0.000000 
0.277500 0.000000 
0.282500 0.000000 
0.287500 0.000000 
0.292500 0.000000 
0.297500 0.000000 
0.302500 0.000000 
0.307500 0.000000 
0.312500 0.000000 
0.317500 0.000000 
0.322500 0.000000 
0.327500 0.000000 
0.332500 0.000000 
0.337500 0.000000 
0.342500 0.000000 
0.347500 0.000000 
0.352500 0.000000 
0.357500 0.000000 
0.362500 0.000000 
0.367500 0.000000 
0.372500 0.000000 
0.377500 0.000000 
0.382500 0.000000 
0.387500 0.000000 
0.392500 0.000000 
0.397500 0.000000 
0.402500 0.000000 
0.407500 0.000000 
0.412500 0.000000 
0.417500 0.000000 
0.422500 0.000000 
0.427500 0.000000 
0.432500 0.000000 
0.437500 0.000000 
0.442500 0.000000 
0.447500 0.000000 
0.452500 0.000000 
0.457500 0.000000 
0.462500 0.000000 
0.467500 0.000000 
0.472500 0.000000 
0.477500 0.000000 
0.482500 0.000000 
0.487500 0.000000 
0.492500 0.000000 
0.497500 0.000000 
0.502500 0.000000 
0.507500 0.000000 
0.512500 0.000001 
0.517500 0.000001 
0.522500 0.000001 
0.527500 0.000001 
0.532500 0.000002 
0.537500 0.000003 
0.542500 0.000003 
0.547500 0.000005 
0.552500 0.000006 
0.557500 0.000009 
0.562500 0.000011 
0.567500 0.000015 
0.572500 0.000020 
0.577500 0.000027 
0.582500 0.000036 
0.587500 0.000047 
0.592500 0.000062 
0.597500 0.000081 
0.602500 0.000106 
0.607500 0.000137 
0.612500 0.000177 
0.617500 0.000228 
0.622500 0.000292 
0.627500 0.000373 
0.632500 0.000475 
0.637500 0.000601 
0.642500 0.000759 
0.647500 0.000954 
0.652500 0.001195 
0.657500 0.001490 
0.662500 0.001851 
0.667500 0.002290 
0.672500 0.002823 
0.677500 0.003463 
0.682500 0.004236 
0.687500 0.005155 
0.692500 0.006255 
0.697500 0.007552 
0.702500 0.009089 
0.707500 0.010886 
0.712500 0.012996 
0.717500 0.015440 
0.722500 0.018284 
0.727500 0.021548 
0.732500 0.025311 
0.737500 0.029589 
0.742500 0.034473 
0.747500 0.039972 
0.752500 0.046192 
0.757500 0.053126 
0.762500 0.060892 
0.767500 0.069462 
0.772500 0.078966 
0.777500 0.089344 
0.782500 0.100735 
0.787500 0.113041 
0.792500 0.126406 
0.797500 0.140686 
0.802500 0.156024 
0.807500 0.172221 
0.812500 0.189419 
0.817500 0.207361 
0.822500 0.226180 
0.827500 0.245558 
0.832500 0.265619 
0.837500 0.285987 
0.842500 0.306775 
0.847500 0.327555 
0.852500 0.348429 
0.857500 0.368930 
0.862500 0.389151 
0.867500 0.408603 
0.872500 0.427372 
0.877500 0.444969 
0.882500 0.461474 
0.887500 0.476427 
0.892500 0.489904 
0.897500 0.501495 
0.902500 0.511280 
0.907500 0.518921 
0.912500 0.524504 
0.917500 0.527785 
0.922500 0.528852 
0.927500 0.527573 
0.932500 0.524036 
0.937500 0.518229 
0.942500 0.510235 
0.947500 0.500162 
0.952500 0.488084 
0.957500 0.474220 
0.962500 0.458628 
0.967500 0.441625 
0.972500 0.423249 
0.977500 0.403913 
0.982500 0.383690 
0.987500 0.363274 
0.992500 0.343537 
0.997500 0.328093 
